GEO_ID,NAME,Median_Income,NAME_sex,Total_Population,Male_Total,Female_Total,NAME_race,Race_Total,White_Alone,Black_Alone,NAME_hispanic,Ethnicity_Total,Hispanic_Latino,Non_Hispanic_Latino,GEOID
1400000US36005000100,Census Tract 1; Bronx County; New York,-,Census Tract 1; Bronx County; New York,3538,3259,279,Census Tract 1; Bronx County; New York,3538,1393,1610,Census Tract 1; Bronx County; New York,3538,2672,866,36005000100
1400000US36005000200,Census Tract 2; Bronx County; New York,121171,Census Tract 2; Bronx County; New York,5177,2647,2530,Census Tract 2; Bronx County; New York,5177,782,1671,Census Tract 2; Bronx County; New York,5177,1979,3198,36005000200
1400000US36005000400,Census Tract 4; Bronx County; New York,98242,Census Tract 4; Bronx County; New York,6481,3104,3377,Census Tract 4; Bronx County; New York,6481,532,2767,Census Tract 4; Bronx County; New York,6481,2998,3483,36005000400
1400000US36005001600,Census Tract 16; Bronx County; New York,42957,Census Tract 16; Bronx County; New York,6011,2676,3335,Census Tract 16; Bronx County; New York,6011,260,2357,Census Tract 16; Bronx County; New York,6011,2712,3299,36005001600
1400000US36005001901,Census Tract 19.01; Bronx County; New York,67361,Census Tract 19.01; Bronx County; New York,2401,1216,1185,Census Tract 19.01; Bronx County; New York,2401,513,1154,Census Tract 19.01; Bronx County; New York,2401,1316,1085,36005001901
1400000US36005001902,Census Tract 19.02; Bronx County; New York,76429,Census Tract 19.02; Bronx County; New York,1979,1098,881,Census Tract 19.02; Bronx County; New York,1979,115,423,Census Tract 19.02; Bronx County; New York,1979,1018,961,36005001902
1400000US36005001903,Census Tract 19.03; Bronx County; New York,-,Census Tract 19.03; Bronx County; New York,0,0,0,Census Tract 19.03; Bronx County; New York,0,0,0,Census Tract 19.03; Bronx County; New York,0,0,0,36005001903
1400000US36005001904,Census Tract 19.04; Bronx County; New York,-,Census Tract 19.04; Bronx County; New York,0,0,0,Census Tract 19.04; Bronx County; New York,0,0,0,Census Tract 19.04; Bronx County; New York,0,0,0,36005001904
1400000US36005002001,Census Tract 20.01; Bronx County; New York,23208,Census Tract 20.01; Bronx County; New York,4300,1648,2652,Census Tract 20.01; Bronx County; New York,4300,626,1775,Census Tract 20.01; Bronx County; New York,4300,2158,2142,36005002001
1400000US36005002002,Census Tract 20.02; Bronx County; New York,18029,Census Tract 20.02; Bronx County; New York,3689,2202,1487,Census Tract 20.02; Bronx County; New York,3689,596,1069,Census Tract 20.02; Bronx County; New York,3689,959,2730,36005002002
1400000US36005002300,Census Tract 23; Bronx County; New York,18750,Census Tract 23; Bronx County; New York,4527,2198,2329,Census Tract 23; Bronx County; New York,4527,456,1695,Census Tract 23; Bronx County; New York,4527,1348,3179,36005002300
1400000US36005002400,Census Tract 24; Bronx County; New York,-,Census Tract 24; Bronx County; New York,0,0,0,Census Tract 24; Bronx County; New York,0,0,0,Census Tract 24; Bronx County; New York,0,0,0,36005002400
1400000US36005002500,Census Tract 25; Bronx County; New York,27207,Census Tract 25; Bronx County; New York,5460,2652,2808,Census Tract 25; Bronx County; New York,5460,1056,1540,Census Tract 25; Bronx County; New York,5460,1625,3835,36005002500
1400000US36005002701,Census Tract 27.01; Bronx County; New York,18788,Census Tract 27.01; Bronx County; New York,2830,1215,1615,Census Tract 27.01; Bronx County; New York,2830,150,906,Census Tract 27.01; Bronx County; New York,2830,654,2176,36005002701
1400000US36005002702,Census Tract 27.02; Bronx County; New York,31379,Census Tract 27.02; Bronx County; New York,5156,2164,2992,Census Tract 27.02; Bronx County; New York,5156,235,1857,Census Tract 27.02; Bronx County; New York,5156,1583,3573,36005002702
1400000US36005002800,Census Tract 28; Bronx County; New York,66235,Census Tract 28; Bronx County; New York,5420,2071,3349,Census Tract 28; Bronx County; New York,5420,591,3514,Census Tract 28; Bronx County; New York,5420,3276,2144,36005002800
1400000US36005003100,Census Tract 31; Bronx County; New York,43480,Census Tract 31; Bronx County; New York,2641,1294,1347,Census Tract 31; Bronx County; New York,2641,393,1053,Census Tract 31; Bronx County; New York,2641,1244,1397,36005003100
1400000US36005003300,Census Tract 33; Bronx County; New York,37957,Census Tract 33; Bronx County; New York,3407,1294,2113,Census Tract 33; Bronx County; New York,3407,262,1395,Census Tract 33; Bronx County; New York,3407,1270,2137,36005003300
1400000US36005003500,Census Tract 35; Bronx County; New York,34508,Census Tract 35; Bronx County; New York,3529,1604,1925,Census Tract 35; Bronx County; New York,3529,289,1391,Census Tract 35; Bronx County; New York,3529,790,2739,36005003500
1400000US36005003700,Census Tract 37; Bronx County; New York,-,Census Tract 37; Bronx County; New York,285,149,136,Census Tract 37; Bronx County; New York,285,24,117,Census Tract 37; Bronx County; New York,285,84,201,36005003700
1400000US36005003800,Census Tract 38; Bronx County; New York,42614,Census Tract 38; Bronx County; New York,1215,538,677,Census Tract 38; Bronx County; New York,1215,34,145,Census Tract 38; Bronx County; New York,1215,178,1037,36005003800
1400000US36005003900,Census Tract 39; Bronx County; New York,28508,Census Tract 39; Bronx County; New York,6346,3388,2958,Census Tract 39; Bronx County; New York,6346,905,240,Census Tract 39; Bronx County; New York,6346,576,5770,36005003900
1400000US36005004001,Census Tract 40.01; Bronx County; New York,76050,Census Tract 40.01; Bronx County; New York,1378,737,641,Census Tract 40.01; Bronx County; New York,1378,142,212,Census Tract 40.01; Bronx County; New York,1378,667,711,36005004001
1400000US36005004100,Census Tract 41; Bronx County; New York,21819,Census Tract 41; Bronx County; New York,6272,2636,3636,Census Tract 41; Bronx County; New York,6272,746,2432,Census Tract 41; Bronx County; New York,6272,2233,4039,36005004100
1400000US36005004200,Census Tract 42; Bronx County; New York,52974,Census Tract 42; Bronx County; New York,7976,3961,4015,Census Tract 42; Bronx County; New York,7976,1086,3991,Census Tract 42; Bronx County; New York,7976,2443,5533,36005004200
1400000US36005004300,Census Tract 43; Bronx County; New York,29704,Census Tract 43; Bronx County; New York,5041,2145,2896,Census Tract 43; Bronx County; New York,5041,636,1682,Census Tract 43; Bronx County; New York,5041,1724,3317,36005004300
1400000US36005004400,Census Tract 44; Bronx County; New York,21016,Census Tract 44; Bronx County; New York,4323,1835,2488,Census Tract 44; Bronx County; New York,4323,513,1679,Census Tract 44; Bronx County; New York,4323,1554,2769,36005004400
1400000US36005004600,Census Tract 46; Bronx County; New York,21346,Census Tract 46; Bronx County; New York,1784,727,1057,Census Tract 46; Bronx County; New York,1784,439,567,Census Tract 46; Bronx County; New York,1784,580,1204,36005004600
1400000US36005004800,Census Tract 48; Bronx County; New York,45118,Census Tract 48; Bronx County; New York,4139,2041,2098,Census Tract 48; Bronx County; New York,4139,434,903,Census Tract 48; Bronx County; New York,4139,882,3257,36005004800
1400000US36005005001,Census Tract 50.01; Bronx County; New York,35164,Census Tract 50.01; Bronx County; New York,4597,2052,2545,Census Tract 50.01; Bronx County; New York,4597,80,1461,Census Tract 50.01; Bronx County; New York,4597,1486,3111,36005005001
1400000US36005005002,Census Tract 50.02; Bronx County; New York,36066,Census Tract 50.02; Bronx County; New York,6338,3200,3138,Census Tract 50.02; Bronx County; New York,6338,119,1598,Census Tract 50.02; Bronx County; New York,6338,1860,4478,36005005002
1400000US36005005100,Census Tract 51; Bronx County; New York,25468,Census Tract 51; Bronx County; New York,6795,2613,4182,Census Tract 51; Bronx County; New York,6795,651,3266,Census Tract 51; Bronx County; New York,6795,2739,4056,36005005100
1400000US36005005200,Census Tract 52; Bronx County; New York,35147,Census Tract 52; Bronx County; New York,1787,613,1174,Census Tract 52; Bronx County; New York,1787,119,656,Census Tract 52; Bronx County; New York,1787,542,1245,36005005200
1400000US36005005300,Census Tract 53; Bronx County; New York,22352,Census Tract 53; Bronx County; New York,4596,2124,2472,Census Tract 53; Bronx County; New York,4596,517,2321,Census Tract 53; Bronx County; New York,4596,2472,2124,36005005300
1400000US36005005400,Census Tract 54; Bronx County; New York,58452,Census Tract 54; Bronx County; New York,5306,2566,2740,Census Tract 54; Bronx County; New York,5306,92,1674,Census Tract 54; Bronx County; New York,5306,1891,3415,36005005400
1400000US36005005600,Census Tract 56; Bronx County; New York,47628,Census Tract 56; Bronx County; New York,2531,1237,1294,Census Tract 56; Bronx County; New York,2531,58,411,Census Tract 56; Bronx County; New York,2531,734,1797,36005005600
1400000US36005005902,Census Tract 59.02; Bronx County; New York,46902,Census Tract 59.02; Bronx County; New York,3044,1520,1524,Census Tract 59.02; Bronx County; New York,3044,795,701,Census Tract 59.02; Bronx County; New York,3044,1538,1506,36005005902
1400000US36005006000,Census Tract 60; Bronx County; New York,53371,Census Tract 60; Bronx County; New York,1220,599,621,Census Tract 60; Bronx County; New York,1220,53,264,Census Tract 60; Bronx County; New York,1220,187,1033,36005006000
1400000US36005006100,Census Tract 61; Bronx County; New York,75608,Census Tract 61; Bronx County; New York,3835,1480,2355,Census Tract 61; Bronx County; New York,3835,326,3148,Census Tract 61; Bronx County; New York,3835,3183,652,36005006100
1400000US36005006200,Census Tract 62; Bronx County; New York,27243,Census Tract 62; Bronx County; New York,6206,3191,3015,Census Tract 62; Bronx County; New York,6206,265,2540,Census Tract 62; Bronx County; New York,6206,1911,4295,36005006200
1400000US36005006301,Census Tract 63.01; Bronx County; New York,58118,Census Tract 63.01; Bronx County; New York,6244,3105,3139,Census Tract 63.01; Bronx County; New York,6244,1551,3042,Census Tract 63.01; Bronx County; New York,6244,3552,2692,36005006301
1400000US36005006302,Census Tract 63.02; Bronx County; New York,-,Census Tract 63.02; Bronx County; New York,0,0,0,Census Tract 63.02; Bronx County; New York,0,0,0,Census Tract 63.02; Bronx County; New York,0,0,0,36005006302
1400000US36005006400,Census Tract 64; Bronx County; New York,40778,Census Tract 64; Bronx County; New York,3847,1770,2077,Census Tract 64; Bronx County; New York,3847,239,1300,Census Tract 64; Bronx County; New York,3847,1757,2090,36005006400
1400000US36005006500,Census Tract 65; Bronx County; New York,24184,Census Tract 65; Bronx County; New York,5182,2463,2719,Census Tract 65; Bronx County; New York,5182,1325,1924,Census Tract 65; Bronx County; New York,5182,1668,3514,36005006500
1400000US36005006700,Census Tract 67; Bronx County; New York,-,Census Tract 67; Bronx County; New York,5892,3058,2834,Census Tract 67; Bronx County; New York,5892,119,1847,Census Tract 67; Bronx County; New York,5892,1046,4846,36005006700
1400000US36005006800,Census Tract 68; Bronx County; New York,33996,Census Tract 68; Bronx County; New York,2621,1299,1322,Census Tract 68; Bronx County; New York,2621,310,388,Census Tract 68; Bronx County; New York,2621,917,1704,36005006800
1400000US36005006900,Census Tract 69; Bronx County; New York,32199,Census Tract 69; Bronx County; New York,6524,3339,3185,Census Tract 69; Bronx County; New York,6524,635,2452,Census Tract 69; Bronx County; New York,6524,2267,4257,36005006900
1400000US36005007000,Census Tract 70; Bronx County; New York,43672,Census Tract 70; Bronx County; New York,4201,2228,1973,Census Tract 70; Bronx County; New York,4201,459,990,Census Tract 70; Bronx County; New York,4201,1982,2219,36005007000
1400000US36005007100,Census Tract 71; Bronx County; New York,34853,Census Tract 71; Bronx County; New York,2562,1075,1487,Census Tract 71; Bronx County; New York,2562,319,837,Census Tract 71; Bronx County; New York,2562,871,1691,36005007100
1400000US36005007200,Census Tract 72; Bronx County; New York,64464,Census Tract 72; Bronx County; New York,5371,2699,2672,Census Tract 72; Bronx County; New York,5371,476,815,Census Tract 72; Bronx County; New York,5371,3560,1811,36005007200
1400000US36005007300,Census Tract 73; Bronx County; New York,31442,Census Tract 73; Bronx County; New York,4555,2060,2495,Census Tract 73; Bronx County; New York,4555,419,2102,Census Tract 73; Bronx County; New York,4555,2148,2407,36005007300
1400000US36005007400,Census Tract 74; Bronx County; New York,52641,Census Tract 74; Bronx County; New York,3281,1299,1982,Census Tract 74; Bronx County; New York,3281,285,1540,Census Tract 74; Bronx County; New York,3281,1268,2013,36005007400
1400000US36005007500,Census Tract 75; Bronx County; New York,35892,Census Tract 75; Bronx County; New York,6543,2812,3731,Census Tract 75; Bronx County; New York,6543,1161,2164,Census Tract 75; Bronx County; New York,6543,2333,4210,36005007500
1400000US36005007600,Census Tract 76; Bronx County; New York,53650,Census Tract 76; Bronx County; New York,5317,3049,2268,Census Tract 76; Bronx County; New York,5317,271,1418,Census Tract 76; Bronx County; New York,5317,2089,3228,36005007600
1400000US36005007700,Census Tract 77; Bronx County; New York,44447,Census Tract 77; Bronx County; New York,1996,925,1071,Census Tract 77; Bronx County; New York,1996,315,521,Census Tract 77; Bronx County; New York,1996,343,1653,36005007700
1400000US36005007800,Census Tract 78; Bronx County; New York,58513,Census Tract 78; Bronx County; New York,5858,3172,2686,Census Tract 78; Bronx County; New York,5858,878,1317,Census Tract 78; Bronx County; New York,5858,2561,3297,36005007800
1400000US36005007900,Census Tract 79; Bronx County; New York,36514,Census Tract 79; Bronx County; New York,6987,3188,3799,Census Tract 79; Bronx County; New York,6987,164,2120,Census Tract 79; Bronx County; New York,6987,1789,5198,36005007900
1400000US36005008300,Census Tract 83; Bronx County; New York,53560,Census Tract 83; Bronx County; New York,6588,3431,3157,Census Tract 83; Bronx County; New York,6588,379,1303,Census Tract 83; Bronx County; New York,6588,946,5642,36005008300
1400000US36005008400,Census Tract 84; Bronx County; New York,57083,Census Tract 84; Bronx County; New York,2716,1401,1315,Census Tract 84; Bronx County; New York,2716,400,1086,Census Tract 84; Bronx County; New York,2716,1089,1627,36005008400
1400000US36005008500,Census Tract 85; Bronx County; New York,43531,Census Tract 85; Bronx County; New York,5665,2523,3142,Census Tract 85; Bronx County; New York,5665,723,1550,Census Tract 85; Bronx County; New York,5665,1794,3871,36005008500
1400000US36005008600,Census Tract 86; Bronx County; New York,24023,Census Tract 86; Bronx County; New York,4117,1876,2241,Census Tract 86; Bronx County; New York,4117,633,1769,Census Tract 86; Bronx County; New York,4117,2046,2071,36005008600
1400000US36005008700,Census Tract 87; Bronx County; New York,40708,Census Tract 87; Bronx County; New York,6299,3240,3059,Census Tract 87; Bronx County; New York,6299,445,1600,Census Tract 87; Bronx County; New York,6299,1450,4849,36005008700
1400000US36005008900,Census Tract 89; Bronx County; New York,36625,Census Tract 89; Bronx County; New York,2993,1524,1469,Census Tract 89; Bronx County; New York,2993,347,469,Census Tract 89; Bronx County; New York,2993,610,2383,36005008900
1400000US36005009000,Census Tract 90; Bronx County; New York,33275,Census Tract 90; Bronx County; New York,3593,1305,2288,Census Tract 90; Bronx County; New York,3593,594,1334,Census Tract 90; Bronx County; New York,3593,1096,2497,36005009000
1400000US36005009200,Census Tract 92; Bronx County; New York,56913,Census Tract 92; Bronx County; New York,5675,2842,2833,Census Tract 92; Bronx County; New York,5675,790,566,Census Tract 92; Bronx County; New York,5675,2370,3305,36005009200
1400000US36005009301,Census Tract 93.01; Bronx County; New York,54241,Census Tract 93.01; Bronx County; New York,5615,2837,2778,Census Tract 93.01; Bronx County; New York,5615,430,1621,Census Tract 93.01; Bronx County; New York,5615,1588,4027,36005009301
1400000US36005009302,Census Tract 93.02; Bronx County; New York,-,Census Tract 93.02; Bronx County; New York,405,405,0,Census Tract 93.02; Bronx County; New York,405,92,202,Census Tract 93.02; Bronx County; New York,405,303,102,36005009302
1400000US36005009600,Census Tract 96; Bronx County; New York,53523,Census Tract 96; Bronx County; New York,2352,1148,1204,Census Tract 96; Bronx County; New York,2352,349,311,Census Tract 96; Bronx County; New York,2352,997,1355,36005009600
1400000US36005009800,Census Tract 98; Bronx County; New York,67500,Census Tract 98; Bronx County; New York,4647,2296,2351,Census Tract 98; Bronx County; New York,4647,1040,1239,Census Tract 98; Bronx County; New York,4647,1885,2762,36005009800
1400000US36005011000,Census Tract 110; Bronx County; New York,-,Census Tract 110; Bronx County; New York,0,0,0,Census Tract 110; Bronx County; New York,0,0,0,Census Tract 110; Bronx County; New York,0,0,0,36005011000
1400000US36005011502,Census Tract 115.02; Bronx County; New York,30172,Census Tract 115.02; Bronx County; New York,3850,1757,2093,Census Tract 115.02; Bronx County; New York,3850,211,1387,Census Tract 115.02; Bronx County; New York,3850,1111,2739,36005011502
1400000US36005011701,Census Tract 117.01; Bronx County; New York,35298,Census Tract 117.01; Bronx County; New York,1318,583,735,Census Tract 117.01; Bronx County; New York,1318,8,229,Census Tract 117.01; Bronx County; New York,1318,192,1126,36005011701
1400000US36005011702,Census Tract 117.02; Bronx County; New York,-,Census Tract 117.02; Bronx County; New York,0,0,0,Census Tract 117.02; Bronx County; New York,0,0,0,Census Tract 117.02; Bronx County; New York,0,0,0,36005011702
1400000US36005011800,Census Tract 118; Bronx County; New York,100500,Census Tract 118; Bronx County; New York,5538,3313,2225,Census Tract 118; Bronx County; New York,5538,3882,253,Census Tract 118; Bronx County; New York,5538,3418,2120,36005011800
1400000US36005011900,Census Tract 119; Bronx County; New York,36250,Census Tract 119; Bronx County; New York,5889,2792,3097,Census Tract 119; Bronx County; New York,5889,302,2370,Census Tract 119; Bronx County; New York,5889,2541,3348,36005011900
1400000US36005012101,Census Tract 121.01; Bronx County; New York,51205,Census Tract 121.01; Bronx County; New York,3413,1628,1785,Census Tract 121.01; Bronx County; New York,3413,244,1096,Census Tract 121.01; Bronx County; New York,3413,1075,2338,36005012101
1400000US36005012102,Census Tract 121.02; Bronx County; New York,43032,Census Tract 121.02; Bronx County; New York,1495,517,978,Census Tract 121.02; Bronx County; New York,1495,76,809,Census Tract 121.02; Bronx County; New York,1495,587,908,36005012102
1400000US36005012300,Census Tract 123; Bronx County; New York,36154,Census Tract 123; Bronx County; New York,4092,1801,2291,Census Tract 123; Bronx County; New York,4092,179,2229,Census Tract 123; Bronx County; New York,4092,2225,1867,36005012300
1400000US36005012500,Census Tract 125; Bronx County; New York,58333,Census Tract 125; Bronx County; New York,4146,2086,2060,Census Tract 125; Bronx County; New York,4146,359,721,Census Tract 125; Bronx County; New York,4146,868,3278,36005012500
1400000US36005012701,Census Tract 127.01; Bronx County; New York,49784,Census Tract 127.01; Bronx County; New York,2385,1214,1171,Census Tract 127.01; Bronx County; New York,2385,214,624,Census Tract 127.01; Bronx County; New York,2385,566,1819,36005012701
1400000US36005012901,Census Tract 129.01; Bronx County; New York,35521,Census Tract 129.01; Bronx County; New York,5261,2524,2737,Census Tract 129.01; Bronx County; New York,5261,530,1310,Census Tract 129.01; Bronx County; New York,5261,1477,3784,36005012901
1400000US36005013000,Census Tract 130; Bronx County; New York,65357,Census Tract 130; Bronx County; New York,1329,580,749,Census Tract 130; Bronx County; New York,1329,649,9,Census Tract 130; Bronx County; New York,1329,373,956,36005013000
1400000US36005013100,Census Tract 131; Bronx County; New York,18408,Census Tract 131; Bronx County; New York,5210,2100,3110,Census Tract 131; Bronx County; New York,5210,619,2197,Census Tract 131; Bronx County; New York,5210,1862,3348,36005013100
1400000US36005013200,Census Tract 132; Bronx County; New York,108582,Census Tract 132; Bronx County; New York,7126,3666,3460,Census Tract 132; Bronx County; New York,7126,2236,1173,Census Tract 132; Bronx County; New York,7126,3370,3756,36005013200
1400000US36005013300,Census Tract 133; Bronx County; New York,31762,Census Tract 133; Bronx County; New York,5838,2306,3532,Census Tract 133; Bronx County; New York,5838,425,2138,Census Tract 133; Bronx County; New York,5838,2671,3167,36005013300
1400000US36005013500,Census Tract 135; Bronx County; New York,30865,Census Tract 135; Bronx County; New York,3295,1347,1948,Census Tract 135; Bronx County; New York,3295,580,1907,Census Tract 135; Bronx County; New York,3295,1868,1427,36005013500
1400000US36005013800,Census Tract 138; Bronx County; New York,90032,Census Tract 138; Bronx County; New York,2957,1445,1512,Census Tract 138; Bronx County; New York,2957,1653,432,Census Tract 138; Bronx County; New York,2957,1771,1186,36005013800
1400000US36005014100,Census Tract 141; Bronx County; New York,35238,Census Tract 141; Bronx County; New York,6864,3056,3808,Census Tract 141; Bronx County; New York,6864,236,3189,Census Tract 141; Bronx County; New York,6864,3731,3133,36005014100
1400000US36005014300,Census Tract 143; Bronx County; New York,16734,Census Tract 143; Bronx County; New York,1685,830,855,Census Tract 143; Bronx County; New York,1685,77,704,Census Tract 143; Bronx County; New York,1685,781,904,36005014300
1400000US36005014400,Census Tract 144; Bronx County; New York,32197,Census Tract 144; Bronx County; New York,6465,2784,3681,Census Tract 144; Bronx County; New York,6465,607,2348,Census Tract 144; Bronx County; New York,6465,2211,4254,36005014400
1400000US36005014500,Census Tract 145; Bronx County; New York,28022,Census Tract 145; Bronx County; New York,6560,3184,3376,Census Tract 145; Bronx County; New York,6560,386,4399,Census Tract 145; Bronx County; New York,6560,4400,2160,36005014500
1400000US36005014701,Census Tract 147.01; Bronx County; New York,23500,Census Tract 147.01; Bronx County; New York,5151,1852,3299,Census Tract 147.01; Bronx County; New York,5151,302,3154,Census Tract 147.01; Bronx County; New York,5151,3427,1724,36005014701
1400000US36005014702,Census Tract 147.02; Bronx County; New York,21533,Census Tract 147.02; Bronx County; New York,4985,2122,2863,Census Tract 147.02; Bronx County; New York,4985,519,2303,Census Tract 147.02; Bronx County; New York,4985,1769,3216,36005014702
1400000US36005014900,Census Tract 149; Bronx County; New York,35213,Census Tract 149; Bronx County; New York,4755,2637,2118,Census Tract 149; Bronx County; New York,4755,578,1896,Census Tract 149; Bronx County; New York,4755,2156,2599,36005014900
1400000US36005015100,Census Tract 151; Bronx County; New York,30558,Census Tract 151; Bronx County; New York,5414,2872,2542,Census Tract 151; Bronx County; New York,5414,467,3072,Census Tract 151; Bronx County; New York,5414,2713,2701,36005015100
1400000US36005015200,Census Tract 152; Bronx County; New York,84265,Census Tract 152; Bronx County; New York,2601,1457,1144,Census Tract 152; Bronx County; New York,2601,1099,326,Census Tract 152; Bronx County; New York,2601,1234,1367,36005015200
1400000US36005015300,Census Tract 153; Bronx County; New York,34704,Census Tract 153; Bronx County; New York,3502,1720,1782,Census Tract 153; Bronx County; New York,3502,337,1618,Census Tract 153; Bronx County; New York,3502,1201,2301,36005015300
1400000US36005015500,Census Tract 155; Bronx County; New York,42118,Census Tract 155; Bronx County; New York,3154,1373,1781,Census Tract 155; Bronx County; New York,3154,135,1096,Census Tract 155; Bronx County; New York,3154,984,2170,36005015500
1400000US36005015700,Census Tract 157; Bronx County; New York,45731,Census Tract 157; Bronx County; New York,5959,3202,2757,Census Tract 157; Bronx County; New York,5959,411,3011,Census Tract 157; Bronx County; New York,5959,3059,2900,36005015700
1400000US36005015800,Census Tract 158; Bronx County; New York,81000,Census Tract 158; Bronx County; New York,1625,808,817,Census Tract 158; Bronx County; New York,1625,805,103,Census Tract 158; Bronx County; New York,1625,835,790,36005015800
1400000US36005015900,Census Tract 159; Bronx County; New York,24654,Census Tract 159; Bronx County; New York,2153,896,1257,Census Tract 159; Bronx County; New York,2153,68,642,Census Tract 159; Bronx County; New York,2153,311,1842,36005015900
1400000US36005016000,Census Tract 160; Bronx County; New York,97445,Census Tract 160; Bronx County; New York,4063,1862,2201,Census Tract 160; Bronx County; New York,4063,2621,180,Census Tract 160; Bronx County; New York,4063,2814,1249,36005016000
1400000US36005016100,Census Tract 161; Bronx County; New York,23466,Census Tract 161; Bronx County; New York,4789,2216,2573,Census Tract 161; Bronx County; New York,4789,793,1686,Census Tract 161; Bronx County; New York,4789,1678,3111,36005016100
1400000US36005016200,Census Tract 162; Bronx County; New York,102361,Census Tract 162; Bronx County; New York,1802,948,854,Census Tract 162; Bronx County; New York,1802,652,132,Census Tract 162; Bronx County; New York,1802,926,876,36005016200
1400000US36005016300,Census Tract 163; Bronx County; New York,-,Census Tract 163; Bronx County; New York,0,0,0,Census Tract 163; Bronx County; New York,0,0,0,Census Tract 163; Bronx County; New York,0,0,0,36005016300
1400000US36005016400,Census Tract 164; Bronx County; New York,95781,Census Tract 164; Bronx County; New York,1107,561,546,Census Tract 164; Bronx County; New York,1107,491,55,Census Tract 164; Bronx County; New York,1107,822,285,36005016400
1400000US36005016500,Census Tract 165; Bronx County; New York,59000,Census Tract 165; Bronx County; New York,1233,583,650,Census Tract 165; Bronx County; New York,1233,50,803,Census Tract 165; Bronx County; New York,1233,783,450,36005016500
1400000US36005016600,Census Tract 166; Bronx County; New York,107344,Census Tract 166; Bronx County; New York,2387,1060,1327,Census Tract 166; Bronx County; New York,2387,599,390,Census Tract 166; Bronx County; New York,2387,1087,1300,36005016600
1400000US36005016700,Census Tract 167; Bronx County; New York,36181,Census Tract 167; Bronx County; New York,3203,1455,1748,Census Tract 167; Bronx County; New York,3203,153,1546,Census Tract 167; Bronx County; New York,3203,1446,1757,36005016700
1400000US36005016900,Census Tract 169; Bronx County; New York,47610,Census Tract 169; Bronx County; New York,1759,751,1008,Census Tract 169; Bronx County; New York,1759,100,820,Census Tract 169; Bronx County; New York,1759,900,859,36005016900
1400000US36005017100,Census Tract 171; Bronx County; New York,-,Census Tract 171; Bronx County; New York,0,0,0,Census Tract 171; Bronx County; New York,0,0,0,Census Tract 171; Bronx County; New York,0,0,0,36005017100
1400000US36005017300,Census Tract 173; Bronx County; New York,-,Census Tract 173; Bronx County; New York,5257,2007,3250,Census Tract 173; Bronx County; New York,5257,977,2335,Census Tract 173; Bronx County; New York,5257,2827,2430,36005017300
1400000US36005017500,Census Tract 175; Bronx County; New York,-,Census Tract 175; Bronx County; New York,6444,2745,3699,Census Tract 175; Bronx County; New York,6444,566,4259,Census Tract 175; Bronx County; New York,6444,4131,2313,36005017500
1400000US36005017701,Census Tract 177.01; Bronx County; New York,46070,Census Tract 177.01; Bronx County; New York,4566,2085,2481,Census Tract 177.01; Bronx County; New York,4566,295,2407,Census Tract 177.01; Bronx County; New York,4566,2232,2334,36005017701
1400000US36005017702,Census Tract 177.02; Bronx County; New York,38897,Census Tract 177.02; Bronx County; New York,5236,2775,2461,Census Tract 177.02; Bronx County; New York,5236,775,2961,Census Tract 177.02; Bronx County; New York,5236,3142,2094,36005017702
1400000US36005017901,Census Tract 179.01; Bronx County; New York,45292,Census Tract 179.01; Bronx County; New York,4993,2576,2417,Census Tract 179.01; Bronx County; New York,4993,394,1591,Census Tract 179.01; Bronx County; New York,4993,1536,3457,36005017901
1400000US36005017902,Census Tract 179.02; Bronx County; New York,46230,Census Tract 179.02; Bronx County; New York,3571,1651,1920,Census Tract 179.02; Bronx County; New York,3571,179,1660,Census Tract 179.02; Bronx County; New York,3571,1425,2146,36005017902
1400000US36005018101,Census Tract 181.01; Bronx County; New York,55400,Census Tract 181.01; Bronx County; New York,3345,1752,1593,Census Tract 181.01; Bronx County; New York,3345,86,1408,Census Tract 181.01; Bronx County; New York,3345,1354,1991,36005018101
1400000US36005018102,Census Tract 181.02; Bronx County; New York,36334,Census Tract 181.02; Bronx County; New York,4903,2243,2660,Census Tract 181.02; Bronx County; New York,4903,179,2105,Census Tract 181.02; Bronx County; New York,4903,2156,2747,36005018102
1400000US36005018301,Census Tract 183.01; Bronx County; New York,54226,Census Tract 183.01; Bronx County; New York,4427,2190,2237,Census Tract 183.01; Bronx County; New York,4427,1015,1489,Census Tract 183.01; Bronx County; New York,4427,2369,2058,36005018301
1400000US36005018302,Census Tract 183.02; Bronx County; New York,65196,Census Tract 183.02; Bronx County; New York,3301,1380,1921,Census Tract 183.02; Bronx County; New York,3301,37,1437,Census Tract 183.02; Bronx County; New York,3301,1348,1953,36005018302
1400000US36005018400,Census Tract 184; Bronx County; New York,101705,Census Tract 184; Bronx County; New York,3994,2031,1963,Census Tract 184; Bronx County; New York,3994,1806,248,Census Tract 184; Bronx County; New York,3994,2464,1530,36005018400
1400000US36005018501,Census Tract 185.01; Bronx County; New York,-,Census Tract 185.01; Bronx County; New York,3154,1657,1497,Census Tract 185.01; Bronx County; New York,3154,237,1625,Census Tract 185.01; Bronx County; New York,3154,1519,1635,36005018501
1400000US36005018502,Census Tract 185.02; Bronx County; New York,32656,Census Tract 185.02; Bronx County; New York,6658,2974,3684,Census Tract 185.02; Bronx County; New York,6658,1022,2327,Census Tract 185.02; Bronx County; New York,6658,2714,3944,36005018502
1400000US36005018900,Census Tract 189; Bronx County; New York,48054,Census Tract 189; Bronx County; New York,8375,4008,4367,Census Tract 189; Bronx County; New York,8375,933,3549,Census Tract 189; Bronx County; New York,8375,3090,5285,36005018900
1400000US36005019300,Census Tract 193; Bronx County; New York,41268,Census Tract 193; Bronx County; New York,5751,2832,2919,Census Tract 193; Bronx County; New York,5751,1034,3124,Census Tract 193; Bronx County; New York,5751,2986,2765,36005019300
1400000US36005019400,Census Tract 194; Bronx County; New York,87188,Census Tract 194; Bronx County; New York,1966,1024,942,Census Tract 194; Bronx County; New York,1966,492,452,Census Tract 194; Bronx County; New York,1966,835,1131,36005019400
1400000US36005019500,Census Tract 195; Bronx County; New York,37374,Census Tract 195; Bronx County; New York,7286,4015,3271,Census Tract 195; Bronx County; New York,7286,660,3367,Census Tract 195; Bronx County; New York,7286,3706,3580,36005019500
1400000US36005019700,Census Tract 197; Bronx County; New York,24383,Census Tract 197; Bronx County; New York,7478,3890,3588,Census Tract 197; Bronx County; New York,7478,1289,1417,Census Tract 197; Bronx County; New York,7478,1547,5931,36005019700
1400000US36005019900,Census Tract 199; Bronx County; New York,31228,Census Tract 199; Bronx County; New York,7300,3369,3931,Census Tract 199; Bronx County; New York,7300,550,3007,Census Tract 199; Bronx County; New York,7300,2731,4569,36005019900
1400000US36005020000,Census Tract 200; Bronx County; New York,47161,Census Tract 200; Bronx County; New York,4925,2465,2460,Census Tract 200; Bronx County; New York,4925,602,499,Census Tract 200; Bronx County; New York,4925,2210,2715,36005020000
1400000US36005020100,Census Tract 201; Bronx County; New York,36218,Census Tract 201; Bronx County; New York,3950,1603,2347,Census Tract 201; Bronx County; New York,3950,385,1201,Census Tract 201; Bronx County; New York,3950,1236,2714,36005020100
1400000US36005020200,Census Tract 202; Bronx County; New York,52061,Census Tract 202; Bronx County; New York,2597,1380,1217,Census Tract 202; Bronx County; New York,2597,257,270,Census Tract 202; Bronx County; New York,2597,745,1852,36005020200
1400000US36005020400,Census Tract 204; Bronx County; New York,60504,Census Tract 204; Bronx County; New York,2966,1508,1458,Census Tract 204; Bronx County; New York,2966,555,316,Census Tract 204; Bronx County; New York,2966,954,2012,36005020400
1400000US36005020501,Census Tract 205.01; Bronx County; New York,20821,Census Tract 205.01; Bronx County; New York,7319,3021,4298,Census Tract 205.01; Bronx County; New York,7319,1540,2020,Census Tract 205.01; Bronx County; New York,7319,1889,5430,36005020501
1400000US36005020502,Census Tract 205.02; Bronx County; New York,41125,Census Tract 205.02; Bronx County; New York,2401,1217,1184,Census Tract 205.02; Bronx County; New York,2401,257,1028,Census Tract 205.02; Bronx County; New York,2401,757,1644,36005020502
1400000US36005020601,Census Tract 206.01; Bronx County; New York,59138,Census Tract 206.01; Bronx County; New York,2547,1150,1397,Census Tract 206.01; Bronx County; New York,2547,208,220,Census Tract 206.01; Bronx County; New York,2547,1444,1103,36005020601
1400000US36005020900,Census Tract 209; Bronx County; New York,39795,Census Tract 209; Bronx County; New York,5225,2434,2791,Census Tract 209; Bronx County; New York,5225,684,2183,Census Tract 209; Bronx County; New York,5225,2118,3107,36005020900
1400000US36005021001,Census Tract 210.01; Bronx County; New York,46223,Census Tract 210.01; Bronx County; New York,7519,3495,4024,Census Tract 210.01; Bronx County; New York,7519,416,4356,Census Tract 210.01; Bronx County; New York,7519,4872,2647,36005021001
1400000US36005021002,Census Tract 210.02; Bronx County; New York,70500,Census Tract 210.02; Bronx County; New York,7453,3382,4071,Census Tract 210.02; Bronx County; New York,7453,599,3080,Census Tract 210.02; Bronx County; New York,7453,5117,2336,36005021002
1400000US36005021100,Census Tract 211; Bronx County; New York,50204,Census Tract 211; Bronx County; New York,6291,2898,3393,Census Tract 211; Bronx County; New York,6291,775,2074,Census Tract 211; Bronx County; New York,6291,2115,4176,36005021100
1400000US36005021200,Census Tract 212; Bronx County; New York,69088,Census Tract 212; Bronx County; New York,5227,2547,2680,Census Tract 212; Bronx County; New York,5227,442,1892,Census Tract 212; Bronx County; New York,5227,3516,1711,36005021200
1400000US36005021301,Census Tract 213.01; Bronx County; New York,47959,Census Tract 213.01; Bronx County; New York,1244,653,591,Census Tract 213.01; Bronx County; New York,1244,77,449,Census Tract 213.01; Bronx County; New York,1244,342,902,36005021301
1400000US36005021302,Census Tract 213.02; Bronx County; New York,30473,Census Tract 213.02; Bronx County; New York,5604,2532,3072,Census Tract 213.02; Bronx County; New York,5604,349,2509,Census Tract 213.02; Bronx County; New York,5604,2329,3275,36005021302
1400000US36005021501,Census Tract 215.01; Bronx County; New York,43750,Census Tract 215.01; Bronx County; New York,4612,2421,2191,Census Tract 215.01; Bronx County; New York,4612,907,924,Census Tract 215.01; Bronx County; New York,4612,835,3777,36005021501
1400000US36005021502,Census Tract 215.02; Bronx County; New York,-,Census Tract 215.02; Bronx County; New York,6953,3121,3832,Census Tract 215.02; Bronx County; New York,6953,681,2191,Census Tract 215.02; Bronx County; New York,6953,1685,5268,36005021502
1400000US36005021601,Census Tract 216.01; Bronx County; New York,54565,Census Tract 216.01; Bronx County; New York,4865,2578,2287,Census Tract 216.01; Bronx County; New York,4865,931,882,Census Tract 216.01; Bronx County; New York,4865,1636,3229,36005021601
1400000US36005021602,Census Tract 216.02; Bronx County; New York,59408,Census Tract 216.02; Bronx County; New York,6344,3203,3141,Census Tract 216.02; Bronx County; New York,6344,310,1985,Census Tract 216.02; Bronx County; New York,6344,4627,1717,36005021602
1400000US36005021700,Census Tract 217; Bronx County; New York,41416,Census Tract 217; Bronx County; New York,5100,2197,2903,Census Tract 217; Bronx County; New York,5100,220,1683,Census Tract 217; Bronx County; New York,5100,2209,2891,36005021700
1400000US36005021800,Census Tract 218; Bronx County; New York,58807,Census Tract 218; Bronx County; New York,6041,3136,2905,Census Tract 218; Bronx County; New York,6041,363,1006,Census Tract 218; Bronx County; New York,6041,1508,4533,36005021800
1400000US36005021900,Census Tract 219; Bronx County; New York,48623,Census Tract 219; Bronx County; New York,1022,558,464,Census Tract 219; Bronx County; New York,1022,71,275,Census Tract 219; Bronx County; New York,1022,307,715,36005021900
1400000US36005022000,Census Tract 220; Bronx County; New York,23468,Census Tract 220; Bronx County; New York,1901,880,1021,Census Tract 220; Bronx County; New York,1901,193,535,Census Tract 220; Bronx County; New York,1901,616,1285,36005022000
1400000US36005022101,Census Tract 221.01; Bronx County; New York,58186,Census Tract 221.01; Bronx County; New York,3743,1934,1809,Census Tract 221.01; Bronx County; New York,3743,423,939,Census Tract 221.01; Bronx County; New York,3743,1236,2507,36005022101
1400000US36005022102,Census Tract 221.02; Bronx County; New York,37022,Census Tract 221.02; Bronx County; New York,5896,2682,3214,Census Tract 221.02; Bronx County; New York,5896,644,893,Census Tract 221.02; Bronx County; New York,5896,1147,4749,36005022102
1400000US36005022200,Census Tract 222; Bronx County; New York,56029,Census Tract 222; Bronx County; New York,3303,1626,1677,Census Tract 222; Bronx County; New York,3303,180,226,Census Tract 222; Bronx County; New York,3303,1529,1774,36005022200
1400000US36005022300,Census Tract 223; Bronx County; New York,45007,Census Tract 223; Bronx County; New York,5207,2233,2974,Census Tract 223; Bronx County; New York,5207,978,947,Census Tract 223; Bronx County; New York,5207,969,4238,36005022300
1400000US36005022401,Census Tract 224.01; Bronx County; New York,67824,Census Tract 224.01; Bronx County; New York,2528,1154,1374,Census Tract 224.01; Bronx County; New York,2528,462,599,Census Tract 224.01; Bronx County; New York,2528,1117,1411,36005022401
1400000US36005022403,Census Tract 224.03; Bronx County; New York,91225,Census Tract 224.03; Bronx County; New York,2788,1272,1516,Census Tract 224.03; Bronx County; New York,2788,354,729,Census Tract 224.03; Bronx County; New York,2788,1104,1684,36005022403
1400000US36005022404,Census Tract 224.04; Bronx County; New York,59482,Census Tract 224.04; Bronx County; New York,4466,1943,2523,Census Tract 224.04; Bronx County; New York,4466,839,1171,Census Tract 224.04; Bronx County; New York,4466,2040,2426,36005022404
1400000US36005022500,Census Tract 225; Bronx County; New York,53191,Census Tract 225; Bronx County; New York,9408,4659,4749,Census Tract 225; Bronx County; New York,9408,1035,2483,Census Tract 225; Bronx County; New York,9408,2558,6850,36005022500
1400000US36005022701,Census Tract 227.01; Bronx County; New York,37134,Census Tract 227.01; Bronx County; New York,4995,2240,2755,Census Tract 227.01; Bronx County; New York,4995,108,2714,Census Tract 227.01; Bronx County; New York,4995,2904,2091,36005022701
1400000US36005022702,Census Tract 227.02; Bronx County; New York,27446,Census Tract 227.02; Bronx County; New York,1277,510,767,Census Tract 227.02; Bronx County; New York,1277,30,416,Census Tract 227.02; Bronx County; New York,1277,453,824,36005022702
1400000US36005022703,Census Tract 227.03; Bronx County; New York,66146,Census Tract 227.03; Bronx County; New York,1728,688,1040,Census Tract 227.03; Bronx County; New York,1728,554,552,Census Tract 227.03; Bronx County; New York,1728,590,1138,36005022703
1400000US36005022800,Census Tract 228; Bronx County; New York,87961,Census Tract 228; Bronx County; New York,5623,3035,2588,Census Tract 228; Bronx County; New York,5623,1068,930,Census Tract 228; Bronx County; New York,5623,2627,2996,36005022800
1400000US36005022901,Census Tract 229.01; Bronx County; New York,52763,Census Tract 229.01; Bronx County; New York,5541,3014,2527,Census Tract 229.01; Bronx County; New York,5541,523,2729,Census Tract 229.01; Bronx County; New York,5541,2667,2874,36005022901
1400000US36005022902,Census Tract 229.02; Bronx County; New York,35313,Census Tract 229.02; Bronx County; New York,3239,1428,1811,Census Tract 229.02; Bronx County; New York,3239,213,787,Census Tract 229.02; Bronx County; New York,3239,849,2390,36005022902
1400000US36005023000,Census Tract 230; Bronx County; New York,55460,Census Tract 230; Bronx County; New York,2555,1271,1284,Census Tract 230; Bronx County; New York,2555,812,367,Census Tract 230; Bronx County; New York,2555,1190,1365,36005023000
1400000US36005023100,Census Tract 231; Bronx County; New York,59388,Census Tract 231; Bronx County; New York,1570,782,788,Census Tract 231; Bronx County; New York,1570,72,998,Census Tract 231; Bronx County; New York,1570,1002,568,36005023100
1400000US36005023200,Census Tract 232; Bronx County; New York,45125,Census Tract 232; Bronx County; New York,2462,1307,1155,Census Tract 232; Bronx County; New York,2462,816,279,Census Tract 232; Bronx County; New York,2462,1453,1009,36005023200
1400000US36005023301,Census Tract 233.01; Bronx County; New York,42778,Census Tract 233.01; Bronx County; New York,3742,1581,2161,Census Tract 233.01; Bronx County; New York,3742,126,1386,Census Tract 233.01; Bronx County; New York,3742,1497,2245,36005023301
1400000US36005023302,Census Tract 233.02; Bronx County; New York,65156,Census Tract 233.02; Bronx County; New York,3665,1856,1809,Census Tract 233.02; Bronx County; New York,3665,250,1064,Census Tract 233.02; Bronx County; New York,3665,1047,2618,36005023302
1400000US36005023501,Census Tract 235.01; Bronx County; New York,37194,Census Tract 235.01; Bronx County; New York,3322,1559,1763,Census Tract 235.01; Bronx County; New York,3322,23,750,Census Tract 235.01; Bronx County; New York,3322,430,2892,36005023501
1400000US36005023502,Census Tract 235.02; Bronx County; New York,47484,Census Tract 235.02; Bronx County; New York,4284,1512,2772,Census Tract 235.02; Bronx County; New York,4284,210,1406,Census Tract 235.02; Bronx County; New York,4284,1312,2972,36005023502
1400000US36005023600,Census Tract 236; Bronx County; New York,54583,Census Tract 236; Bronx County; New York,1602,940,662,Census Tract 236; Bronx County; New York,1602,332,231,Census Tract 236; Bronx County; New York,1602,551,1051,36005023600
1400000US36005023702,Census Tract 237.02; Bronx County; New York,44583,Census Tract 237.02; Bronx County; New York,1119,654,465,Census Tract 237.02; Bronx County; New York,1119,62,419,Census Tract 237.02; Bronx County; New York,1119,427,692,36005023702
1400000US36005023703,Census Tract 237.03; Bronx County; New York,27763,Census Tract 237.03; Bronx County; New York,5081,2471,2610,Census Tract 237.03; Bronx County; New York,5081,871,1628,Census Tract 237.03; Bronx County; New York,5081,1063,4018,36005023703
1400000US36005023704,Census Tract 237.04; Bronx County; New York,32984,Census Tract 237.04; Bronx County; New York,3659,1900,1759,Census Tract 237.04; Bronx County; New York,3659,925,787,Census Tract 237.04; Bronx County; New York,3659,724,2935,36005023704
1400000US36005023800,Census Tract 238; Bronx County; New York,67750,Census Tract 238; Bronx County; New York,2394,1261,1133,Census Tract 238; Bronx County; New York,2394,591,253,Census Tract 238; Bronx County; New York,2394,869,1525,36005023800
1400000US36005023900,Census Tract 239; Bronx County; New York,51172,Census Tract 239; Bronx County; New York,9384,4213,5171,Census Tract 239; Bronx County; New York,9384,436,2567,Census Tract 239; Bronx County; New York,9384,1962,7422,36005023900
1400000US36005024000,Census Tract 240; Bronx County; New York,72608,Census Tract 240; Bronx County; New York,4147,1919,2228,Census Tract 240; Bronx County; New York,4147,957,1267,Census Tract 240; Bronx County; New York,4147,1917,2230,36005024000
1400000US36005024100,Census Tract 241; Bronx County; New York,29527,Census Tract 241; Bronx County; New York,6284,2304,3980,Census Tract 241; Bronx County; New York,6284,996,1738,Census Tract 241; Bronx County; New York,6284,2383,3901,36005024100
1400000US36005024300,Census Tract 243; Bronx County; New York,24293,Census Tract 243; Bronx County; New York,4401,1628,2773,Census Tract 243; Bronx County; New York,4401,508,1524,Census Tract 243; Bronx County; New York,4401,1448,2953,36005024300
1400000US36005024400,Census Tract 244; Bronx County; New York,78854,Census Tract 244; Bronx County; New York,2168,1073,1095,Census Tract 244; Bronx County; New York,2168,629,145,Census Tract 244; Bronx County; New York,2168,1000,1168,36005024400
1400000US36005024501,Census Tract 245.01; Bronx County; New York,49904,Census Tract 245.01; Bronx County; New York,5043,2549,2494,Census Tract 245.01; Bronx County; New York,5043,556,1761,Census Tract 245.01; Bronx County; New York,5043,1616,3427,36005024501
1400000US36005024502,Census Tract 245.02; Bronx County; New York,37448,Census Tract 245.02; Bronx County; New York,3975,1756,2219,Census Tract 245.02; Bronx County; New York,3975,623,1236,Census Tract 245.02; Bronx County; New York,3975,1048,2927,36005024502
1400000US36005024600,Census Tract 246; Bronx County; New York,95703,Census Tract 246; Bronx County; New York,2117,1192,925,Census Tract 246; Bronx County; New York,2117,641,92,Census Tract 246; Bronx County; New York,2117,1182,935,36005024600
1400000US36005024700,Census Tract 247; Bronx County; New York,47283,Census Tract 247; Bronx County; New York,1772,872,900,Census Tract 247; Bronx County; New York,1772,112,938,Census Tract 247; Bronx County; New York,1772,1059,713,36005024700
1400000US36005024800,Census Tract 248; Bronx County; New York,78839,Census Tract 248; Bronx County; New York,3528,1739,1789,Census Tract 248; Bronx County; New York,3528,1388,491,Census Tract 248; Bronx County; New York,3528,1933,1595,36005024800
1400000US36005024900,Census Tract 249; Bronx County; New York,-,Census Tract 249; Bronx County; New York,0,0,0,Census Tract 249; Bronx County; New York,0,0,0,Census Tract 249; Bronx County; New York,0,0,0,36005024900
1400000US36005025000,Census Tract 250; Bronx County; New York,109667,Census Tract 250; Bronx County; New York,2755,1247,1508,Census Tract 250; Bronx County; New York,2755,1417,233,Census Tract 250; Bronx County; New York,2755,1821,934,36005025000
1400000US36005025100,Census Tract 251; Bronx County; New York,50410,Census Tract 251; Bronx County; New York,6542,3537,3005,Census Tract 251; Bronx County; New York,6542,542,1659,Census Tract 251; Bronx County; New York,6542,1965,4577,36005025100
1400000US36005025200,Census Tract 252; Bronx County; New York,80583,Census Tract 252; Bronx County; New York,2586,1306,1280,Census Tract 252; Bronx County; New York,2586,1173,166,Census Tract 252; Bronx County; New York,2586,1488,1098,36005025200
1400000US36005025300,Census Tract 253; Bronx County; New York,43421,Census Tract 253; Bronx County; New York,5589,2714,2875,Census Tract 253; Bronx County; New York,5589,160,1422,Census Tract 253; Bronx County; New York,5589,1235,4354,36005025300
1400000US36005025400,Census Tract 254; Bronx County; New York,66053,Census Tract 254; Bronx County; New York,1967,877,1090,Census Tract 254; Bronx County; New York,1967,1033,27,Census Tract 254; Bronx County; New York,1967,1190,777,36005025400
1400000US36005025500,Census Tract 255; Bronx County; New York,55042,Census Tract 255; Bronx County; New York,6565,3015,3550,Census Tract 255; Bronx County; New York,6565,303,1348,Census Tract 255; Bronx County; New York,6565,1160,5405,36005025500
1400000US36005025600,Census Tract 256; Bronx County; New York,58924,Census Tract 256; Bronx County; New York,1664,861,803,Census Tract 256; Bronx County; New York,1664,641,289,Census Tract 256; Bronx County; New York,1664,954,710,36005025600
1400000US36005025700,Census Tract 257; Bronx County; New York,55962,Census Tract 257; Bronx County; New York,1687,859,828,Census Tract 257; Bronx County; New York,1687,93,585,Census Tract 257; Bronx County; New York,1687,418,1269,36005025700
1400000US36005026100,Census Tract 261; Bronx County; New York,60357,Census Tract 261; Bronx County; New York,2109,1102,1007,Census Tract 261; Bronx County; New York,2109,137,1151,Census Tract 261; Bronx County; New York,2109,1288,821,36005026100
1400000US36005026300,Census Tract 263; Bronx County; New York,44709,Census Tract 263; Bronx County; New York,6767,3467,3300,Census Tract 263; Bronx County; New York,6767,840,885,Census Tract 263; Bronx County; New York,6767,1085,5682,36005026300
1400000US36005026400,Census Tract 264; Bronx County; New York,58307,Census Tract 264; Bronx County; New York,5735,2118,3617,Census Tract 264; Bronx County; New York,5735,2908,458,Census Tract 264; Bronx County; New York,5735,2582,3153,36005026400
1400000US36005026500,Census Tract 265; Bronx County; New York,60495,Census Tract 265; Bronx County; New York,7792,3849,3943,Census Tract 265; Bronx County; New York,7792,971,610,Census Tract 265; Bronx County; New York,7792,1003,6789,36005026500
1400000US36005026601,Census Tract 266.01; Bronx County; New York,47266,Census Tract 266.01; Bronx County; New York,2864,1358,1506,Census Tract 266.01; Bronx County; New York,2864,1214,124,Census Tract 266.01; Bronx County; New York,2864,1097,1767,36005026601
1400000US36005026602,Census Tract 266.02; Bronx County; New York,51442,Census Tract 266.02; Bronx County; New York,5119,2240,2879,Census Tract 266.02; Bronx County; New York,5119,1953,611,Census Tract 266.02; Bronx County; New York,5119,2647,2472,36005026602
1400000US36005026701,Census Tract 267.01; Bronx County; New York,44750,Census Tract 267.01; Bronx County; New York,3759,1897,1862,Census Tract 267.01; Bronx County; New York,3759,378,650,Census Tract 267.01; Bronx County; New York,3759,1021,2738,36005026701
1400000US36005026702,Census Tract 267.02; Bronx County; New York,61494,Census Tract 267.02; Bronx County; New York,7702,3800,3902,Census Tract 267.02; Bronx County; New York,7702,799,1444,Census Tract 267.02; Bronx County; New York,7702,965,6737,36005026702
1400000US36005026900,Census Tract 269; Bronx County; New York,29140,Census Tract 269; Bronx County; New York,4185,2119,2066,Census Tract 269; Bronx County; New York,4185,1139,981,Census Tract 269; Bronx County; New York,4185,859,3326,36005026900
1400000US36005027300,Census Tract 273; Bronx County; New York,54096,Census Tract 273; Bronx County; New York,7120,3066,4054,Census Tract 273; Bronx County; New York,7120,1480,1731,Census Tract 273; Bronx County; New York,7120,2136,4984,36005027300
1400000US36005027401,Census Tract 274.01; Bronx County; New York,104811,Census Tract 274.01; Bronx County; New York,5111,2629,2482,Census Tract 274.01; Bronx County; New York,5111,3279,338,Census Tract 274.01; Bronx County; New York,5111,3249,1862,36005027401
1400000US36005027402,Census Tract 274.02; Bronx County; New York,101667,Census Tract 274.02; Bronx County; New York,3487,1738,1749,Census Tract 274.02; Bronx County; New York,3487,2191,93,Census Tract 274.02; Bronx County; New York,3487,2497,990,36005027402
1400000US36005027600,Census Tract 276; Bronx County; New York,-,Census Tract 276; Bronx County; New York,57,26,31,Census Tract 276; Bronx County; New York,57,15,42,Census Tract 276; Bronx County; New York,57,57,0,36005027600
1400000US36005027700,Census Tract 277; Bronx County; New York,54482,Census Tract 277; Bronx County; New York,4188,1983,2205,Census Tract 277; Bronx County; New York,4188,925,438,Census Tract 277; Bronx County; New York,4188,762,3426,36005027700
1400000US36005027900,Census Tract 279; Bronx County; New York,65000,Census Tract 279; Bronx County; New York,8112,3851,4261,Census Tract 279; Bronx County; New York,8112,1902,1596,Census Tract 279; Bronx County; New York,8112,3762,4350,36005027900
1400000US36005028100,Census Tract 281; Bronx County; New York,79886,Census Tract 281; Bronx County; New York,3512,1376,2136,Census Tract 281; Bronx County; New York,3512,1259,783,Census Tract 281; Bronx County; New York,3512,2113,1399,36005028100
1400000US36005028300,Census Tract 283; Bronx County; New York,14194,Census Tract 283; Bronx County; New York,2486,1155,1331,Census Tract 283; Bronx County; New York,2486,687,663,Census Tract 283; Bronx County; New York,2486,569,1917,36005028300
1400000US36005028400,Census Tract 284; Bronx County; New York,-,Census Tract 284; Bronx County; New York,480,209,271,Census Tract 284; Bronx County; New York,480,134,230,Census Tract 284; Bronx County; New York,480,365,115,36005028400
1400000US36005028500,Census Tract 285; Bronx County; New York,74965,Census Tract 285; Bronx County; New York,3309,1648,1661,Census Tract 285; Bronx County; New York,3309,1387,389,Census Tract 285; Bronx County; New York,3309,1672,1637,36005028500
1400000US36005028600,Census Tract 286; Bronx County; New York,72857,Census Tract 286; Bronx County; New York,1014,555,459,Census Tract 286; Bronx County; New York,1014,513,54,Census Tract 286; Bronx County; New York,1014,704,310,36005028600
1400000US36005028700,Census Tract 287; Bronx County; New York,64127,Census Tract 287; Bronx County; New York,3442,1490,1952,Census Tract 287; Bronx County; New York,3442,1282,176,Census Tract 287; Bronx County; New York,3442,1296,2146,36005028700
1400000US36005028800,Census Tract 288; Bronx County; New York,97424,Census Tract 288; Bronx County; New York,2678,1206,1472,Census Tract 288; Bronx County; New York,2678,1710,154,Census Tract 288; Bronx County; New York,2678,2392,286,36005028800
1400000US36005028900,Census Tract 289; Bronx County; New York,55977,Census Tract 289; Bronx County; New York,4400,2109,2291,Census Tract 289; Bronx County; New York,4400,1014,502,Census Tract 289; Bronx County; New York,4400,1271,3129,36005028900
1400000US36005029301,Census Tract 293.01; Bronx County; New York,119643,Census Tract 293.01; Bronx County; New York,1847,746,1101,Census Tract 293.01; Bronx County; New York,1847,1143,213,Census Tract 293.01; Bronx County; New York,1847,1468,379,36005029301
1400000US36005029302,Census Tract 293.02; Bronx County; New York,132405,Census Tract 293.02; Bronx County; New York,5422,2521,2901,Census Tract 293.02; Bronx County; New York,5422,3410,663,Census Tract 293.02; Bronx County; New York,5422,4386,1036,36005029302
1400000US36005029500,Census Tract 295; Bronx County; New York,100600,Census Tract 295; Bronx County; New York,4639,2305,2334,Census Tract 295; Bronx County; New York,4639,2276,259,Census Tract 295; Bronx County; New York,4639,2842,1797,36005029500
1400000US36005029600,Census Tract 296; Bronx County; New York,56747,Census Tract 296; Bronx County; New York,2341,1105,1236,Census Tract 296; Bronx County; New York,2341,1044,402,Census Tract 296; Bronx County; New York,2341,1453,888,36005029600
1400000US36005029700,Census Tract 297; Bronx County; New York,90714,Census Tract 297; Bronx County; New York,4171,1955,2216,Census Tract 297; Bronx County; New York,4171,2610,593,Census Tract 297; Bronx County; New York,4171,3457,714,36005029700
1400000US36005030000,Census Tract 300; Bronx County; New York,84279,Census Tract 300; Bronx County; New York,6811,3418,3393,Census Tract 300; Bronx County; New York,6811,3479,503,Census Tract 300; Bronx County; New York,6811,3846,2965,36005030000
1400000US36005030100,Census Tract 301; Bronx County; New York,86672,Census Tract 301; Bronx County; New York,1570,624,946,Census Tract 301; Bronx County; New York,1570,849,172,Census Tract 301; Bronx County; New York,1570,1077,493,36005030100
1400000US36005030201,Census Tract 302.01; Bronx County; New York,75000,Census Tract 302.01; Bronx County; New York,3684,1906,1778,Census Tract 302.01; Bronx County; New York,3684,251,2295,Census Tract 302.01; Bronx County; New York,3684,2389,1295,36005030201
1400000US36005030202,Census Tract 302.02; Bronx County; New York,78435,Census Tract 302.02; Bronx County; New York,6152,2608,3544,Census Tract 302.02; Bronx County; New York,6152,170,5126,Census Tract 302.02; Bronx County; New York,6152,5155,997,36005030202
1400000US36005030701,Census Tract 307.01; Bronx County; New York,121764,Census Tract 307.01; Bronx County; New York,5492,2531,2961,Census Tract 307.01; Bronx County; New York,5492,3568,271,Census Tract 307.01; Bronx County; New York,5492,4362,1130,36005030701
1400000US36005030900,Census Tract 309; Bronx County; New York,122500,Census Tract 309; Bronx County; New York,3707,1478,2229,Census Tract 309; Bronx County; New York,3707,2917,216,Census Tract 309; Bronx County; New York,3707,3146,561,36005030900
1400000US36005031000,Census Tract 310; Bronx County; New York,142671,Census Tract 310; Bronx County; New York,4409,2290,2119,Census Tract 310; Bronx County; New York,4409,1669,695,Census Tract 310; Bronx County; New York,4409,2844,1565,36005031000
1400000US36005031200,Census Tract 312; Bronx County; New York,124474,Census Tract 312; Bronx County; New York,1649,818,831,Census Tract 312; Bronx County; New York,1649,444,258,Census Tract 312; Bronx County; New York,1649,914,735,36005031200
1400000US36005031400,Census Tract 314; Bronx County; New York,111917,Census Tract 314; Bronx County; New York,2186,1078,1108,Census Tract 314; Bronx County; New York,2186,851,558,Census Tract 314; Bronx County; New York,2186,1070,1116,36005031400
1400000US36005031600,Census Tract 316; Bronx County; New York,78864,Census Tract 316; Bronx County; New York,1842,905,937,Census Tract 316; Bronx County; New York,1842,674,167,Census Tract 316; Bronx County; New York,1842,1172,670,36005031600
1400000US36005031800,Census Tract 318; Bronx County; New York,98017,Census Tract 318; Bronx County; New York,2038,1070,968,Census Tract 318; Bronx County; New York,2038,732,454,Census Tract 318; Bronx County; New York,2038,1297,741,36005031800
1400000US36005031900,Census Tract 319; Bronx County; New York,-,Census Tract 319; Bronx County; New York,762,342,420,Census Tract 319; Bronx County; New York,762,450,152,Census Tract 319; Bronx County; New York,762,543,219,36005031900
1400000US36005032300,Census Tract 323; Bronx County; New York,101512,Census Tract 323; Bronx County; New York,4811,2307,2504,Census Tract 323; Bronx County; New York,4811,3298,477,Census Tract 323; Bronx County; New York,4811,3673,1138,36005032300
1400000US36005032400,Census Tract 324; Bronx County; New York,40955,Census Tract 324; Bronx County; New York,2963,1319,1644,Census Tract 324; Bronx County; New York,2963,453,896,Census Tract 324; Bronx County; New York,2963,1677,1286,36005032400
1400000US36005032600,Census Tract 326; Bronx County; New York,99962,Census Tract 326; Bronx County; New York,3440,1716,1724,Census Tract 326; Bronx County; New York,3440,1175,577,Census Tract 326; Bronx County; New York,3440,2431,1009,36005032600
1400000US36005032800,Census Tract 328; Bronx County; New York,49422,Census Tract 328; Bronx County; New York,4056,1925,2131,Census Tract 328; Bronx County; New York,4056,720,1046,Census Tract 328; Bronx County; New York,4056,1918,2138,36005032800
1400000US36005033000,Census Tract 330; Bronx County; New York,48750,Census Tract 330; Bronx County; New York,5016,2522,2494,Census Tract 330; Bronx County; New York,5016,1746,1455,Census Tract 330; Bronx County; New York,5016,3238,1778,36005033000
1400000US36005033201,Census Tract 332.01; Bronx County; New York,35400,Census Tract 332.01; Bronx County; New York,4123,1894,2229,Census Tract 332.01; Bronx County; New York,4123,1586,474,Census Tract 332.01; Bronx County; New York,4123,1731,2392,36005033201
1400000US36005033202,Census Tract 332.02; Bronx County; New York,47557,Census Tract 332.02; Bronx County; New York,3415,1300,2115,Census Tract 332.02; Bronx County; New York,3415,489,813,Census Tract 332.02; Bronx County; New York,3415,1370,2045,36005033202
1400000US36005033400,Census Tract 334; Bronx County; New York,-,Census Tract 334; Bronx County; New York,26,21,5,Census Tract 334; Bronx County; New York,26,1,24,Census Tract 334; Bronx County; New York,26,25,1,36005033400
1400000US36005033500,Census Tract 335; Bronx County; New York,106597,Census Tract 335; Bronx County; New York,2213,987,1226,Census Tract 335; Bronx County; New York,2213,1303,291,Census Tract 335; Bronx County; New York,2213,1542,671,36005033500
1400000US36005033601,Census Tract 336.01; Bronx County; New York,23453,Census Tract 336.01; Bronx County; New York,5011,2478,2533,Census Tract 336.01; Bronx County; New York,5011,344,2211,Census Tract 336.01; Bronx County; New York,5011,2396,2615,36005033601
1400000US36005033602,Census Tract 336.02; Bronx County; New York,47398,Census Tract 336.02; Bronx County; New York,1155,574,581,Census Tract 336.02; Bronx County; New York,1155,146,644,Census Tract 336.02; Bronx County; New York,1155,716,439,36005033602
1400000US36005033700,Census Tract 337; Bronx County; New York,147543,Census Tract 337; Bronx County; New York,2852,1202,1650,Census Tract 337; Bronx County; New York,2852,2200,42,Census Tract 337; Bronx County; New York,2852,2442,410,36005033700
1400000US36005033801,Census Tract 338.01; Bronx County; New York,70418,Census Tract 338.01; Bronx County; New York,2119,840,1279,Census Tract 338.01; Bronx County; New York,2119,74,832,Census Tract 338.01; Bronx County; New York,2119,1235,884,36005033801
1400000US36005033802,Census Tract 338.02; Bronx County; New York,70508,Census Tract 338.02; Bronx County; New York,1809,822,987,Census Tract 338.02; Bronx County; New York,1809,140,743,Census Tract 338.02; Bronx County; New York,1809,849,960,36005033802
1400000US36005034000,Census Tract 340; Bronx County; New York,50208,Census Tract 340; Bronx County; New York,5337,2572,2765,Census Tract 340; Bronx County; New York,5337,470,1799,Census Tract 340; Bronx County; New York,5337,2243,3094,36005034000
1400000US36005034200,Census Tract 342; Bronx County; New York,70910,Census Tract 342; Bronx County; New York,1518,746,772,Census Tract 342; Bronx County; New York,1518,171,895,Census Tract 342; Bronx County; New York,1518,983,535,36005034200
1400000US36005034300,Census Tract 343; Bronx County; New York,89554,Census Tract 343; Bronx County; New York,1854,934,920,Census Tract 343; Bronx County; New York,1854,696,107,Census Tract 343; Bronx County; New York,1854,930,924,36005034300
1400000US36005034400,Census Tract 344; Bronx County; New York,71920,Census Tract 344; Bronx County; New York,1940,884,1056,Census Tract 344; Bronx County; New York,1940,332,1051,Census Tract 344; Bronx County; New York,1940,1225,715,36005034400
1400000US36005034500,Census Tract 345; Bronx County; New York,115461,Census Tract 345; Bronx County; New York,4155,2093,2062,Census Tract 345; Bronx County; New York,4155,1640,463,Census Tract 345; Bronx County; New York,4155,2250,1905,36005034500
1400000US36005034800,Census Tract 348; Bronx County; New York,53024,Census Tract 348; Bronx County; New York,6198,2688,3510,Census Tract 348; Bronx County; New York,6198,393,3005,Census Tract 348; Bronx County; New York,6198,3811,2387,36005034800
1400000US36005035000,Census Tract 350; Bronx County; New York,69293,Census Tract 350; Bronx County; New York,2023,911,1112,Census Tract 350; Bronx County; New York,2023,47,1622,Census Tract 350; Bronx County; New York,2023,1643,380,36005035000
1400000US36005035100,Census Tract 351; Bronx County; New York,105086,Census Tract 351; Bronx County; New York,3723,1746,1977,Census Tract 351; Bronx County; New York,3723,1661,367,Census Tract 351; Bronx County; New York,3723,2162,1561,36005035100
1400000US36005035600,Census Tract 356; Bronx County; New York,86014,Census Tract 356; Bronx County; New York,2074,941,1133,Census Tract 356; Bronx County; New York,2074,53,1669,Census Tract 356; Bronx County; New York,2074,1716,358,36005035600
1400000US36005035800,Census Tract 358; Bronx County; New York,85296,Census Tract 358; Bronx County; New York,7495,3696,3799,Census Tract 358; Bronx County; New York,7495,626,5518,Census Tract 358; Bronx County; New York,7495,5679,1816,36005035800
1400000US36005035900,Census Tract 359; Bronx County; New York,28955,Census Tract 359; Bronx County; New York,3261,1578,1683,Census Tract 359; Bronx County; New York,3261,124,1230,Census Tract 359; Bronx County; New York,3261,1361,1900,36005035900
1400000US36005036000,Census Tract 360; Bronx County; New York,83351,Census Tract 360; Bronx County; New York,2836,1224,1612,Census Tract 360; Bronx County; New York,2836,332,1572,Census Tract 360; Bronx County; New York,2836,1882,954,36005036000
1400000US36005036100,Census Tract 361; Bronx County; New York,26083,Census Tract 361; Bronx County; New York,5093,2390,2703,Census Tract 361; Bronx County; New York,5093,644,1866,Census Tract 361; Bronx County; New York,5093,1135,3958,36005036100
1400000US36005036300,Census Tract 363; Bronx County; New York,28259,Census Tract 363; Bronx County; New York,6423,2862,3561,Census Tract 363; Bronx County; New York,6423,897,2509,Census Tract 363; Bronx County; New York,6423,1602,4821,36005036300
1400000US36005036400,Census Tract 364; Bronx County; New York,60313,Census Tract 364; Bronx County; New York,2427,1201,1226,Census Tract 364; Bronx County; New York,2427,97,1989,Census Tract 364; Bronx County; New York,2427,2074,353,36005036400
1400000US36005036501,Census Tract 365.01; Bronx County; New York,54097,Census Tract 365.01; Bronx County; New York,4721,2490,2231,Census Tract 365.01; Bronx County; New York,4721,259,2988,Census Tract 365.01; Bronx County; New York,4721,2814,1907,36005036501
1400000US36005036502,Census Tract 365.02; Bronx County; New York,26886,Census Tract 365.02; Bronx County; New York,2557,1194,1363,Census Tract 365.02; Bronx County; New York,2557,345,944,Census Tract 365.02; Bronx County; New York,2557,729,1828,36005036502
1400000US36005036700,Census Tract 367; Bronx County; New York,31815,Census Tract 367; Bronx County; New York,2647,1359,1288,Census Tract 367; Bronx County; New York,2647,137,1222,Census Tract 367; Bronx County; New York,2647,1025,1622,36005036700
1400000US36005036800,Census Tract 368; Bronx County; New York,71875,Census Tract 368; Bronx County; New York,2185,831,1354,Census Tract 368; Bronx County; New York,2185,59,1339,Census Tract 368; Bronx County; New York,2185,1694,491,36005036800
1400000US36005036901,Census Tract 369.01; Bronx County; New York,16277,Census Tract 369.01; Bronx County; New York,1810,877,933,Census Tract 369.01; Bronx County; New York,1810,216,513,Census Tract 369.01; Bronx County; New York,1810,492,1318,36005036901
1400000US36005036902,Census Tract 369.02; Bronx County; New York,21976,Census Tract 369.02; Bronx County; New York,2316,894,1422,Census Tract 369.02; Bronx County; New York,2316,227,1454,Census Tract 369.02; Bronx County; New York,2316,1256,1060,36005036902
1400000US36005037000,Census Tract 370; Bronx County; New York,113182,Census Tract 370; Bronx County; New York,2228,1015,1213,Census Tract 370; Bronx County; New York,2228,135,1624,Census Tract 370; Bronx County; New York,2228,1915,313,36005037000
1400000US36005037100,Census Tract 371; Bronx County; New York,22791,Census Tract 371; Bronx County; New York,3948,1721,2227,Census Tract 371; Bronx County; New York,3948,185,1762,Census Tract 371; Bronx County; New York,3948,1485,2463,36005037100
1400000US36005037200,Census Tract 372; Bronx County; New York,69972,Census Tract 372; Bronx County; New York,2069,1041,1028,Census Tract 372; Bronx County; New York,2069,161,942,Census Tract 372; Bronx County; New York,2069,1223,846,36005037200
1400000US36005037300,Census Tract 373; Bronx County; New York,51283,Census Tract 373; Bronx County; New York,6511,2463,4048,Census Tract 373; Bronx County; New York,6511,101,3246,Census Tract 373; Bronx County; New York,6511,2309,4202,36005037300
1400000US36005037400,Census Tract 374; Bronx County; New York,35884,Census Tract 374; Bronx County; New York,3707,1660,2047,Census Tract 374; Bronx County; New York,3707,383,1530,Census Tract 374; Bronx County; New York,3707,1487,2220,36005037400
1400000US36005037504,Census Tract 375.04; Bronx County; New York,44198,Census Tract 375.04; Bronx County; New York,3831,1863,1968,Census Tract 375.04; Bronx County; New York,3831,655,1616,Census Tract 375.04; Bronx County; New York,3831,1555,2276,36005037504
1400000US36005037600,Census Tract 376; Bronx County; New York,70429,Census Tract 376; Bronx County; New York,1934,1068,866,Census Tract 376; Bronx County; New York,1934,153,787,Census Tract 376; Bronx County; New York,1934,1101,833,36005037600
1400000US36005037800,Census Tract 378; Bronx County; New York,65500,Census Tract 378; Bronx County; New York,3254,1614,1640,Census Tract 378; Bronx County; New York,3254,203,1743,Census Tract 378; Bronx County; New York,3254,1768,1486,36005037800
1400000US36005037900,Census Tract 379; Bronx County; New York,46430,Census Tract 379; Bronx County; New York,6511,2930,3581,Census Tract 379; Bronx County; New York,6511,183,4439,Census Tract 379; Bronx County; New York,6511,3207,3304,36005037900
1400000US36005038000,Census Tract 380; Bronx County; New York,46250,Census Tract 380; Bronx County; New York,4474,1876,2598,Census Tract 380; Bronx County; New York,4474,239,2872,Census Tract 380; Bronx County; New York,4474,3205,1269,36005038000
1400000US36005038100,Census Tract 381; Bronx County; New York,44741,Census Tract 381; Bronx County; New York,7378,3762,3616,Census Tract 381; Bronx County; New York,7378,1454,3518,Census Tract 381; Bronx County; New York,7378,2711,4667,36005038100
1400000US36005038200,Census Tract 382; Bronx County; New York,85972,Census Tract 382; Bronx County; New York,2942,1276,1666,Census Tract 382; Bronx County; New York,2942,166,2283,Census Tract 382; Bronx County; New York,2942,2267,675,36005038200
1400000US36005038301,Census Tract 383.01; Bronx County; New York,43900,Census Tract 383.01; Bronx County; New York,4667,1875,2792,Census Tract 383.01; Bronx County; New York,4667,252,971,Census Tract 383.01; Bronx County; New York,4667,1211,3456,36005038301
1400000US36005038303,Census Tract 383.03; Bronx County; New York,23958,Census Tract 383.03; Bronx County; New York,3621,1561,2060,Census Tract 383.03; Bronx County; New York,3621,31,1805,Census Tract 383.03; Bronx County; New York,3621,1851,1770,36005038303
1400000US36005038304,Census Tract 383.04; Bronx County; New York,22551,Census Tract 383.04; Bronx County; New York,2080,998,1082,Census Tract 383.04; Bronx County; New York,2080,16,1162,Census Tract 383.04; Bronx County; New York,2080,1039,1041,36005038304
1400000US36005038500,Census Tract 385; Bronx County; New York,17598,Census Tract 385; Bronx County; New York,5574,2597,2977,Census Tract 385; Bronx County; New York,5574,232,2165,Census Tract 385; Bronx County; New York,5574,1904,3670,36005038500
1400000US36005038600,Census Tract 386; Bronx County; New York,66161,Census Tract 386; Bronx County; New York,8273,3761,4512,Census Tract 386; Bronx County; New York,8273,119,6754,Census Tract 386; Bronx County; New York,8273,6570,1703,36005038600
1400000US36005038700,Census Tract 387; Bronx County; New York,41088,Census Tract 387; Bronx County; New York,3725,2023,1702,Census Tract 387; Bronx County; New York,3725,369,635,Census Tract 387; Bronx County; New York,3725,1084,2641,36005038700
1400000US36005038800,Census Tract 388; Bronx County; New York,68125,Census Tract 388; Bronx County; New York,2793,1499,1294,Census Tract 388; Bronx County; New York,2793,118,1902,Census Tract 388; Bronx County; New York,2793,1988,805,36005038800
1400000US36005038900,Census Tract 389; Bronx County; New York,48796,Census Tract 389; Bronx County; New York,5823,2857,2966,Census Tract 389; Bronx County; New York,5823,1284,702,Census Tract 389; Bronx County; New York,5823,1710,4113,36005038900
1400000US36005039000,Census Tract 390; Bronx County; New York,65478,Census Tract 390; Bronx County; New York,3093,1618,1475,Census Tract 390; Bronx County; New York,3093,151,1739,Census Tract 390; Bronx County; New York,3093,2247,846,36005039000
1400000US36005039100,Census Tract 391; Bronx County; New York,36027,Census Tract 391; Bronx County; New York,6555,3378,3177,Census Tract 391; Bronx County; New York,6555,1241,573,Census Tract 391; Bronx County; New York,6555,1325,5230,36005039100
1400000US36005039200,Census Tract 392; Bronx County; New York,65815,Census Tract 392; Bronx County; New York,1522,732,790,Census Tract 392; Bronx County; New York,1522,100,1035,Census Tract 392; Bronx County; New York,1522,1131,391,36005039200
1400000US36005039300,Census Tract 393; Bronx County; New York,30854,Census Tract 393; Bronx County; New York,9019,3508,5511,Census Tract 393; Bronx County; New York,9019,675,3504,Census Tract 393; Bronx County; New York,9019,3302,5717,36005039300
1400000US36005039400,Census Tract 394; Bronx County; New York,66188,Census Tract 394; Bronx County; New York,4473,2281,2192,Census Tract 394; Bronx County; New York,4473,371,2868,Census Tract 394; Bronx County; New York,4473,2760,1713,36005039400
1400000US36005039500,Census Tract 395; Bronx County; New York,-,Census Tract 395; Bronx County; New York,4210,2237,1973,Census Tract 395; Bronx County; New York,4210,253,1426,Census Tract 395; Bronx County; New York,4210,1316,2894,36005039500
1400000US36005039600,Census Tract 396; Bronx County; New York,43552,Census Tract 396; Bronx County; New York,3837,1662,2175,Census Tract 396; Bronx County; New York,3837,242,2399,Census Tract 396; Bronx County; New York,3837,2661,1176,36005039600
1400000US36005039700,Census Tract 397; Bronx County; New York,21987,Census Tract 397; Bronx County; New York,3868,1764,2104,Census Tract 397; Bronx County; New York,3868,2372,250,Census Tract 397; Bronx County; New York,3868,2859,1009,36005039700
1400000US36005039800,Census Tract 398; Bronx County; New York,29325,Census Tract 398; Bronx County; New York,3528,1763,1765,Census Tract 398; Bronx County; New York,3528,22,2624,Census Tract 398; Bronx County; New York,3528,2696,832,36005039800
1400000US36005039901,Census Tract 399.01; Bronx County; New York,41065,Census Tract 399.01; Bronx County; New York,5032,2493,2539,Census Tract 399.01; Bronx County; New York,5032,184,622,Census Tract 399.01; Bronx County; New York,5032,1129,3903,36005039901
1400000US36005039902,Census Tract 399.02; Bronx County; New York,48929,Census Tract 399.02; Bronx County; New York,5116,2566,2550,Census Tract 399.02; Bronx County; New York,5116,316,659,Census Tract 399.02; Bronx County; New York,5116,830,4286,36005039902
1400000US36005040100,Census Tract 401; Bronx County; New York,26875,Census Tract 401; Bronx County; New York,4630,2526,2104,Census Tract 401; Bronx County; New York,4630,378,936,Census Tract 401; Bronx County; New York,4630,1044,3586,36005040100
1400000US36005040302,Census Tract 403.02; Bronx County; New York,40865,Census Tract 403.02; Bronx County; New York,4389,1992,2397,Census Tract 403.02; Bronx County; New York,4389,205,467,Census Tract 403.02; Bronx County; New York,4389,573,3816,36005040302
1400000US36005040303,Census Tract 403.03; Bronx County; New York,40027,Census Tract 403.03; Bronx County; New York,4076,1938,2138,Census Tract 403.03; Bronx County; New York,4076,485,727,Census Tract 403.03; Bronx County; New York,4076,725,3351,36005040303
1400000US36005040304,Census Tract 403.04; Bronx County; New York,41336,Census Tract 403.04; Bronx County; New York,3586,1688,1898,Census Tract 403.04; Bronx County; New York,3586,439,717,Census Tract 403.04; Bronx County; New York,3586,654,2932,36005040304
1400000US36005040400,Census Tract 404; Bronx County; New York,97500,Census Tract 404; Bronx County; New York,3499,1747,1752,Census Tract 404; Bronx County; New York,3499,1,2776,Census Tract 404; Bronx County; New York,3499,2847,652,36005040400
1400000US36005040501,Census Tract 405.01; Bronx County; New York,42639,Census Tract 405.01; Bronx County; New York,3560,1696,1864,Census Tract 405.01; Bronx County; New York,3560,75,383,Census Tract 405.01; Bronx County; New York,3560,451,3109,36005040501
1400000US36005040502,Census Tract 405.02; Bronx County; New York,39518,Census Tract 405.02; Bronx County; New York,6100,2820,3280,Census Tract 405.02; Bronx County; New York,6100,305,1277,Census Tract 405.02; Bronx County; New York,6100,1466,4634,36005040502
1400000US36005040600,Census Tract 406; Bronx County; New York,49375,Census Tract 406; Bronx County; New York,3802,1537,2265,Census Tract 406; Bronx County; New York,3802,166,2419,Census Tract 406; Bronx County; New York,3802,2992,810,36005040600
1400000US36005040701,Census Tract 407.01; Bronx County; New York,47198,Census Tract 407.01; Bronx County; New York,2779,1463,1316,Census Tract 407.01; Bronx County; New York,2779,675,600,Census Tract 407.01; Bronx County; New York,2779,890,1889,36005040701
1400000US36005040702,Census Tract 407.02; Bronx County; New York,35440,Census Tract 407.02; Bronx County; New York,6840,2973,3867,Census Tract 407.02; Bronx County; New York,6840,614,1225,Census Tract 407.02; Bronx County; New York,6840,2120,4720,36005040702
1400000US36005040800,Census Tract 408; Bronx County; New York,39738,Census Tract 408; Bronx County; New York,4438,1889,2549,Census Tract 408; Bronx County; New York,4438,540,2158,Census Tract 408; Bronx County; New York,4438,2356,2082,36005040800
1400000US36005040900,Census Tract 409; Bronx County; New York,65925,Census Tract 409; Bronx County; New York,3392,1511,1881,Census Tract 409; Bronx County; New York,3392,546,2222,Census Tract 409; Bronx County; New York,3392,2984,408,36005040900
1400000US36005041100,Census Tract 411; Bronx County; New York,61750,Census Tract 411; Bronx County; New York,3793,1897,1896,Census Tract 411; Bronx County; New York,3793,471,1063,Census Tract 411; Bronx County; New York,3793,1470,2323,36005041100
1400000US36005041300,Census Tract 413; Bronx County; New York,65845,Census Tract 413; Bronx County; New York,8001,4029,3972,Census Tract 413; Bronx County; New York,8001,1351,837,Census Tract 413; Bronx County; New York,8001,1944,6057,36005041300
1400000US36005041400,Census Tract 414; Bronx County; New York,123548,Census Tract 414; Bronx County; New York,5318,2492,2826,Census Tract 414; Bronx County; New York,5318,414,3324,Census Tract 414; Bronx County; New York,5318,4236,1082,36005041400
1400000US36005041500,Census Tract 415; Bronx County; New York,44973,Census Tract 415; Bronx County; New York,5706,2719,2987,Census Tract 415; Bronx County; New York,5706,572,912,Census Tract 415; Bronx County; New York,5706,1808,3898,36005041500
1400000US36005041800,Census Tract 418; Bronx County; New York,61706,Census Tract 418; Bronx County; New York,3713,1793,1920,Census Tract 418; Bronx County; New York,3713,399,1740,Census Tract 418; Bronx County; New York,3713,2317,1396,36005041800
1400000US36005041900,Census Tract 419; Bronx County; New York,50768,Census Tract 419; Bronx County; New York,6219,3098,3121,Census Tract 419; Bronx County; New York,6219,656,1216,Census Tract 419; Bronx County; New York,6219,2350,3869,36005041900
1400000US36005042000,Census Tract 420; Bronx County; New York,32279,Census Tract 420; Bronx County; New York,4665,2408,2257,Census Tract 420; Bronx County; New York,4665,451,2322,Census Tract 420; Bronx County; New York,4665,2701,1964,36005042000
1400000US36005042100,Census Tract 421; Bronx County; New York,55830,Census Tract 421; Bronx County; New York,5954,2550,3404,Census Tract 421; Bronx County; New York,5954,1095,548,Census Tract 421; Bronx County; New York,5954,1512,4442,36005042100
1400000US36005042200,Census Tract 422; Bronx County; New York,63365,Census Tract 422; Bronx County; New York,2836,1456,1380,Census Tract 422; Bronx County; New York,2836,190,2041,Census Tract 422; Bronx County; New York,2836,2251,585,36005042200
1400000US36005042300,Census Tract 423; Bronx County; New York,65682,Census Tract 423; Bronx County; New York,4378,2142,2236,Census Tract 423; Bronx County; New York,4378,1031,760,Census Tract 423; Bronx County; New York,4378,1497,2881,36005042300
1400000US36005042400,Census Tract 424; Bronx County; New York,108550,Census Tract 424; Bronx County; New York,2626,1181,1445,Census Tract 424; Bronx County; New York,2626,462,1790,Census Tract 424; Bronx County; New York,2626,1898,728,36005042400
1400000US36005042500,Census Tract 425; Bronx County; New York,47021,Census Tract 425; Bronx County; New York,6749,3122,3627,Census Tract 425; Bronx County; New York,6749,2364,518,Census Tract 425; Bronx County; New York,6749,2937,3812,36005042500
1400000US36005042600,Census Tract 426; Bronx County; New York,95876,Census Tract 426; Bronx County; New York,7627,3545,4082,Census Tract 426; Bronx County; New York,7627,239,5659,Census Tract 426; Bronx County; New York,7627,6127,1500,36005042600
1400000US36005042800,Census Tract 428; Bronx County; New York,101163,Census Tract 428; Bronx County; New York,2249,919,1330,Census Tract 428; Bronx County; New York,2249,60,1658,Census Tract 428; Bronx County; New York,2249,2038,211,36005042800
1400000US36005042901,Census Tract 429.01; Bronx County; New York,42775,Census Tract 429.01; Bronx County; New York,3128,1486,1642,Census Tract 429.01; Bronx County; New York,3128,329,433,Census Tract 429.01; Bronx County; New York,3128,1366,1762,36005042901
1400000US36005042902,Census Tract 429.02; Bronx County; New York,42647,Census Tract 429.02; Bronx County; New York,3898,1836,2062,Census Tract 429.02; Bronx County; New York,3898,491,1026,Census Tract 429.02; Bronx County; New York,3898,1482,2416,36005042902
1400000US36005043000,Census Tract 430; Bronx County; New York,84316,Census Tract 430; Bronx County; New York,3287,1148,2139,Census Tract 430; Bronx County; New York,3287,85,2169,Census Tract 430; Bronx County; New York,3287,2802,485,36005043000
1400000US36005043101,Census Tract 431.01; Bronx County; New York,42637,Census Tract 431.01; Bronx County; New York,4880,2538,2342,Census Tract 431.01; Bronx County; New York,4880,602,1102,Census Tract 431.01; Bronx County; New York,4880,1775,3105,36005043101
1400000US36005043102,Census Tract 431.02; Bronx County; New York,48835,Census Tract 431.02; Bronx County; New York,4341,2408,1933,Census Tract 431.02; Bronx County; New York,4341,903,651,Census Tract 431.02; Bronx County; New York,4341,942,3399,36005043102
1400000US36005043400,Census Tract 434; Bronx County; New York,74048,Census Tract 434; Bronx County; New York,3829,2158,1671,Census Tract 434; Bronx County; New York,3829,284,2200,Census Tract 434; Bronx County; New York,3829,2470,1359,36005043400
1400000US36005043501,Census Tract 435.01; Bronx County; New York,30885,Census Tract 435.01; Bronx County; New York,1035,400,635,Census Tract 435.01; Bronx County; New York,1035,255,465,Census Tract 435.01; Bronx County; New York,1035,492,543,36005043501
1400000US36005043502,Census Tract 435.02; Bronx County; New York,-,Census Tract 435.02; Bronx County; New York,0,0,0,Census Tract 435.02; Bronx County; New York,0,0,0,Census Tract 435.02; Bronx County; New York,0,0,0,36005043502
1400000US36005043503,Census Tract 435.03; Bronx County; New York,105625,Census Tract 435.03; Bronx County; New York,56,23,33,Census Tract 435.03; Bronx County; New York,56,33,8,Census Tract 435.03; Bronx County; New York,56,39,17,36005043503
1400000US36005043600,Census Tract 436; Bronx County; New York,88833,Census Tract 436; Bronx County; New York,2397,1218,1179,Census Tract 436; Bronx County; New York,2397,109,1271,Census Tract 436; Bronx County; New York,2397,1857,540,36005043600
1400000US36005044200,Census Tract 442; Bronx County; New York,-,Census Tract 442; Bronx County; New York,4055,1801,2254,Census Tract 442; Bronx County; New York,4055,58,2965,Census Tract 442; Bronx County; New York,4055,3415,640,36005044200
1400000US36005044400,Census Tract 444; Bronx County; New York,100000,Census Tract 444; Bronx County; New York,4409,2234,2175,Census Tract 444; Bronx County; New York,4409,296,3233,Census Tract 444; Bronx County; New York,4409,3677,732,36005044400
1400000US36005044800,Census Tract 448; Bronx County; New York,102760,Census Tract 448; Bronx County; New York,2449,1066,1383,Census Tract 448; Bronx County; New York,2449,91,2094,Census Tract 448; Bronx County; New York,2449,2179,270,36005044800
1400000US36005044901,Census Tract 449.01; Bronx County; New York,78083,Census Tract 449.01; Bronx County; New York,1986,1060,926,Census Tract 449.01; Bronx County; New York,1986,1539,130,Census Tract 449.01; Bronx County; New York,1986,1491,495,36005044901
1400000US36005044902,Census Tract 449.02; Bronx County; New York,99250,Census Tract 449.02; Bronx County; New York,2303,1014,1289,Census Tract 449.02; Bronx County; New York,2303,1657,108,Census Tract 449.02; Bronx County; New York,2303,1626,677,36005044902
1400000US36005045101,Census Tract 451.01; Bronx County; New York,70855,Census Tract 451.01; Bronx County; New York,1602,901,701,Census Tract 451.01; Bronx County; New York,1602,1297,43,Census Tract 451.01; Bronx County; New York,1602,1352,250,36005045101
1400000US36005045102,Census Tract 451.02; Bronx County; New York,96901,Census Tract 451.02; Bronx County; New York,1973,898,1075,Census Tract 451.02; Bronx County; New York,1973,1487,121,Census Tract 451.02; Bronx County; New York,1973,1505,468,36005045102
1400000US36005045600,Census Tract 456; Bronx County; New York,76943,Census Tract 456; Bronx County; New York,3548,1733,1815,Census Tract 456; Bronx County; New York,3548,685,1973,Census Tract 456; Bronx County; New York,3548,2380,1168,36005045600
1400000US36005045800,Census Tract 458; Bronx County; New York,31225,Census Tract 458; Bronx County; New York,5671,1419,4252,Census Tract 458; Bronx County; New York,5671,208,2076,Census Tract 458; Bronx County; New York,5671,2072,3599,36005045800
1400000US36005046000,Census Tract 460; Bronx County; New York,31768,Census Tract 460; Bronx County; New York,2489,1187,1302,Census Tract 460; Bronx County; New York,2489,91,1662,Census Tract 460; Bronx County; New York,2489,1443,1046,36005046000
1400000US36005046203,Census Tract 462.03; Bronx County; New York,40020,Census Tract 462.03; Bronx County; New York,7120,2988,4132,Census Tract 462.03; Bronx County; New York,7120,1113,4115,Census Tract 462.03; Bronx County; New York,7120,4576,2544,36005046203
1400000US36005046204,Census Tract 462.04; Bronx County; New York,64922,Census Tract 462.04; Bronx County; New York,5311,2237,3074,Census Tract 462.04; Bronx County; New York,5311,418,2765,Census Tract 462.04; Bronx County; New York,5311,3252,2059,36005046204
1400000US36005046205,Census Tract 462.05; Bronx County; New York,63924,Census Tract 462.05; Bronx County; New York,3495,1569,1926,Census Tract 462.05; Bronx County; New York,3495,383,2253,Census Tract 462.05; Bronx County; New York,3495,2309,1186,36005046205
1400000US36005046206,Census Tract 462.06; Bronx County; New York,63601,Census Tract 462.06; Bronx County; New York,4365,2089,2276,Census Tract 462.06; Bronx County; New York,4365,282,2826,Census Tract 462.06; Bronx County; New York,4365,3544,821,36005046206
1400000US36005046207,Census Tract 462.07; Bronx County; New York,73464,Census Tract 462.07; Bronx County; New York,6488,3419,3069,Census Tract 462.07; Bronx County; New York,6488,412,4288,Census Tract 462.07; Bronx County; New York,6488,4678,1810,36005046207
1400000US36005046208,Census Tract 462.08; Bronx County; New York,110724,Census Tract 462.08; Bronx County; New York,5042,1837,3205,Census Tract 462.08; Bronx County; New York,5042,150,4068,Census Tract 462.08; Bronx County; New York,5042,4560,482,36005046208
1400000US36005046209,Census Tract 462.09; Bronx County; New York,27500,Census Tract 462.09; Bronx County; New York,4309,1906,2403,Census Tract 462.09; Bronx County; New York,4309,51,2855,Census Tract 462.09; Bronx County; New York,4309,2774,1535,36005046209
1400000US36005048401,Census Tract 484.01; Bronx County; New York,86273,Census Tract 484.01; Bronx County; New York,4192,2063,2129,Census Tract 484.01; Bronx County; New York,4192,189,3105,Census Tract 484.01; Bronx County; New York,4192,3483,709,36005048401
1400000US36005048402,Census Tract 484.02; Bronx County; New York,-,Census Tract 484.02; Bronx County; New York,0,0,0,Census Tract 484.02; Bronx County; New York,0,0,0,Census Tract 484.02; Bronx County; New York,0,0,0,36005048402
1400000US36005050400,Census Tract 504; Bronx County; New York,-,Census Tract 504; Bronx County; New York,0,0,0,Census Tract 504; Bronx County; New York,0,0,0,Census Tract 504; Bronx County; New York,0,0,0,36005050400
1400000US36005051601,Census Tract 516.01; Bronx County; New York,100306,Census Tract 516.01; Bronx County; New York,4273,2083,2190,Census Tract 516.01; Bronx County; New York,4273,2849,61,Census Tract 516.01; Bronx County; New York,4273,2873,1400,36005051601
1400000US36005051602,Census Tract 516.02; Bronx County; New York,-,Census Tract 516.02; Bronx County; New York,0,0,0,Census Tract 516.02; Bronx County; New York,0,0,0,Census Tract 516.02; Bronx County; New York,0,0,0,36005051602
1400000US36047000100,Census Tract 1; Kings County; New York,167778,Census Tract 1; Kings County; New York,4839,2139,2700,Census Tract 1; Kings County; New York,4839,3541,569,Census Tract 1; Kings County; New York,4839,4422,417,36047000100
1400000US36047000200,Census Tract 2; Kings County; New York,81154,Census Tract 2; Kings County; New York,1203,543,660,Census Tract 2; Kings County; New York,1203,405,38,Census Tract 2; Kings County; New York,1203,342,861,36047000200
1400000US36047000301,Census Tract 3.01; Kings County; New York,179250,Census Tract 3.01; Kings County; New York,4031,2026,2005,Census Tract 3.01; Kings County; New York,4031,3430,65,Census Tract 3.01; Kings County; New York,4031,3711,320,36047000301
1400000US36047000501,Census Tract 5.01; Kings County; New York,144125,Census Tract 5.01; Kings County; New York,4504,1965,2539,Census Tract 5.01; Kings County; New York,4504,3102,247,Census Tract 5.01; Kings County; New York,4504,3984,520,36047000501
1400000US36047000502,Census Tract 5.02; Kings County; New York,179185,Census Tract 5.02; Kings County; New York,2787,1298,1489,Census Tract 5.02; Kings County; New York,2787,2116,22,Census Tract 5.02; Kings County; New York,2787,2681,106,36047000502
1400000US36047000700,Census Tract 7; Kings County; New York,189145,Census Tract 7; Kings County; New York,3983,1918,2065,Census Tract 7; Kings County; New York,3983,3013,172,Census Tract 7; Kings County; New York,3983,3752,231,36047000700
1400000US36047000900,Census Tract 9; Kings County; New York,236222,Census Tract 9; Kings County; New York,4792,2079,2713,Census Tract 9; Kings County; New York,4792,3481,108,Census Tract 9; Kings County; New York,4792,4620,172,36047000900
1400000US36047001100,Census Tract 11; Kings County; New York,164250,Census Tract 11; Kings County; New York,1585,933,652,Census Tract 11; Kings County; New York,1585,937,119,Census Tract 11; Kings County; New York,1585,1353,232,36047001100
1400000US36047001300,Census Tract 13; Kings County; New York,173000,Census Tract 13; Kings County; New York,2408,1198,1210,Census Tract 13; Kings County; New York,2408,1484,285,Census Tract 13; Kings County; New York,2408,2235,173,36047001300
1400000US36047001501,Census Tract 15.01; Kings County; New York,114828,Census Tract 15.01; Kings County; New York,4925,2101,2824,Census Tract 15.01; Kings County; New York,4925,1732,1480,Census Tract 15.01; Kings County; New York,4925,4085,840,36047001501
1400000US36047001502,Census Tract 15.02; Kings County; New York,135022,Census Tract 15.02; Kings County; New York,5418,2617,2801,Census Tract 15.02; Kings County; New York,5418,2184,657,Census Tract 15.02; Kings County; New York,5418,4657,761,36047001502
1400000US36047001801,Census Tract 18.01; Kings County; New York,-,Census Tract 18.01; Kings County; New York,1564,1533,31,Census Tract 18.01; Kings County; New York,1564,750,750,Census Tract 18.01; Kings County; New York,1564,1006,558,36047001801
1400000US36047001802,Census Tract 18.02; Kings County; New York,-,Census Tract 18.02; Kings County; New York,0,0,0,Census Tract 18.02; Kings County; New York,0,0,0,Census Tract 18.02; Kings County; New York,0,0,0,36047001802
1400000US36047001803,Census Tract 18.03; Kings County; New York,-,Census Tract 18.03; Kings County; New York,6,4,2,Census Tract 18.03; Kings County; New York,6,4,2,Census Tract 18.03; Kings County; New York,6,6,0,36047001803
1400000US36047001804,Census Tract 18.04; Kings County; New York,-,Census Tract 18.04; Kings County; New York,0,0,0,Census Tract 18.04; Kings County; New York,0,0,0,Census Tract 18.04; Kings County; New York,0,0,0,36047001804
1400000US36047002000,Census Tract 20; Kings County; New York,78839,Census Tract 20; Kings County; New York,1795,866,929,Census Tract 20; Kings County; New York,1795,105,134,Census Tract 20; Kings County; New York,1795,377,1418,36047002000
1400000US36047002100,Census Tract 21; Kings County; New York,"250,000+",Census Tract 21; Kings County; New York,6180,2772,3408,Census Tract 21; Kings County; New York,6180,4421,283,Census Tract 21; Kings County; New York,6180,5822,358,36047002100
1400000US36047002200,Census Tract 22; Kings County; New York,41429,Census Tract 22; Kings County; New York,4155,2088,2067,Census Tract 22; Kings County; New York,4155,1717,185,Census Tract 22; Kings County; New York,4155,1893,2262,36047002200
1400000US36047002300,Census Tract 23; Kings County; New York,25968,Census Tract 23; Kings County; New York,3642,1519,2123,Census Tract 23; Kings County; New York,3642,74,2346,Census Tract 23; Kings County; New York,3642,2728,914,36047002300
1400000US36047002901,Census Tract 29.01; Kings County; New York,23832,Census Tract 29.01; Kings County; New York,3340,1025,2315,Census Tract 29.01; Kings County; New York,3340,122,1725,Census Tract 29.01; Kings County; New York,3340,2602,738,36047002901
1400000US36047003000,Census Tract 30; Kings County; New York,128506,Census Tract 30; Kings County; New York,1818,994,824,Census Tract 30; Kings County; New York,1818,1229,19,Census Tract 30; Kings County; New York,1818,1535,283,36047003000
1400000US36047003101,Census Tract 31.01; Kings County; New York,149650,Census Tract 31.01; Kings County; New York,3547,1559,1988,Census Tract 31.01; Kings County; New York,3547,1435,801,Census Tract 31.01; Kings County; New York,3547,3227,320,36047003101
1400000US36047003102,Census Tract 31.02; Kings County; New York,-,Census Tract 31.02; Kings County; New York,0,0,0,Census Tract 31.02; Kings County; New York,0,0,0,Census Tract 31.02; Kings County; New York,0,0,0,36047003102
1400000US36047003300,Census Tract 33; Kings County; New York,131173,Census Tract 33; Kings County; New York,4203,1763,2440,Census Tract 33; Kings County; New York,4203,1623,1206,Census Tract 33; Kings County; New York,4203,3723,480,36047003300
1400000US36047003400,Census Tract 34; Kings County; New York,111088,Census Tract 34; Kings County; New York,3515,1771,1744,Census Tract 34; Kings County; New York,3515,2234,35,Census Tract 34; Kings County; New York,3515,2724,791,36047003400
1400000US36047003500,Census Tract 35; Kings County; New York,147829,Census Tract 35; Kings County; New York,2125,1045,1080,Census Tract 35; Kings County; New York,2125,901,625,Census Tract 35; Kings County; New York,2125,1768,357,36047003500
1400000US36047003600,Census Tract 36; Kings County; New York,89487,Census Tract 36; Kings County; New York,3702,1672,2030,Census Tract 36; Kings County; New York,3702,2404,60,Census Tract 36; Kings County; New York,3702,2918,784,36047003600
1400000US36047003700,Census Tract 37; Kings County; New York,167917,Census Tract 37; Kings County; New York,4276,1882,2394,Census Tract 37; Kings County; New York,4276,2227,682,Census Tract 37; Kings County; New York,4276,3743,533,36047003700
1400000US36047003800,Census Tract 38; Kings County; New York,144028,Census Tract 38; Kings County; New York,1578,856,722,Census Tract 38; Kings County; New York,1578,1009,6,Census Tract 38; Kings County; New York,1578,1416,162,36047003800
1400000US36047003900,Census Tract 39; Kings County; New York,181518,Census Tract 39; Kings County; New York,2557,1048,1509,Census Tract 39; Kings County; New York,2557,1385,248,Census Tract 39; Kings County; New York,2557,2222,335,36047003900
1400000US36047004100,Census Tract 41; Kings County; New York,221452,Census Tract 41; Kings County; New York,3364,1705,1659,Census Tract 41; Kings County; New York,3364,2393,312,Census Tract 41; Kings County; New York,3364,3131,233,36047004100
1400000US36047004300,Census Tract 43; Kings County; New York,155859,Census Tract 43; Kings County; New York,3952,1781,2171,Census Tract 43; Kings County; New York,3952,2382,466,Census Tract 43; Kings County; New York,3952,3303,649,36047004300
1400000US36047004400,Census Tract 44; Kings County; New York,139375,Census Tract 44; Kings County; New York,2289,1129,1160,Census Tract 44; Kings County; New York,2289,1949,63,Census Tract 44; Kings County; New York,2289,2095,194,36047004400
1400000US36047004500,Census Tract 45; Kings County; New York,174609,Census Tract 45; Kings County; New York,3547,1775,1772,Census Tract 45; Kings County; New York,3547,2633,229,Census Tract 45; Kings County; New York,3547,3285,262,36047004500
1400000US36047004600,Census Tract 46; Kings County; New York,139375,Census Tract 46; Kings County; New York,1175,540,635,Census Tract 46; Kings County; New York,1175,880,0,Census Tract 46; Kings County; New York,1175,1035,140,36047004600
1400000US36047004700,Census Tract 47; Kings County; New York,158125,Census Tract 47; Kings County; New York,2001,987,1014,Census Tract 47; Kings County; New York,2001,1071,124,Census Tract 47; Kings County; New York,2001,1593,408,36047004700
1400000US36047004900,Census Tract 49; Kings County; New York,143750,Census Tract 49; Kings County; New York,2875,1420,1455,Census Tract 49; Kings County; New York,2875,2169,160,Census Tract 49; Kings County; New York,2875,2517,358,36047004900
1400000US36047005000,Census Tract 50; Kings County; New York,124167,Census Tract 50; Kings County; New York,2542,1214,1328,Census Tract 50; Kings County; New York,2542,2026,81,Census Tract 50; Kings County; New York,2542,2437,105,36047005000
1400000US36047005100,Census Tract 51; Kings County; New York,173125,Census Tract 51; Kings County; New York,2425,1205,1220,Census Tract 51; Kings County; New York,2425,1830,20,Census Tract 51; Kings County; New York,2425,2241,184,36047005100
1400000US36047005201,Census Tract 52.01; Kings County; New York,49125,Census Tract 52.01; Kings County; New York,1713,724,989,Census Tract 52.01; Kings County; New York,1713,1185,46,Census Tract 52.01; Kings County; New York,1713,1561,152,36047005201
1400000US36047005202,Census Tract 52.02; Kings County; New York,106087,Census Tract 52.02; Kings County; New York,2784,1427,1357,Census Tract 52.02; Kings County; New York,2784,2363,22,Census Tract 52.02; Kings County; New York,2784,2578,206,36047005202
1400000US36047005301,Census Tract 53.01; Kings County; New York,121136,Census Tract 53.01; Kings County; New York,2262,1206,1056,Census Tract 53.01; Kings County; New York,2262,1600,282,Census Tract 53.01; Kings County; New York,2262,2022,240,36047005301
1400000US36047005302,Census Tract 53.02; Kings County; New York,134750,Census Tract 53.02; Kings County; New York,111,56,55,Census Tract 53.02; Kings County; New York,111,55,0,Census Tract 53.02; Kings County; New York,111,55,56,36047005302
1400000US36047005303,Census Tract 53.03; Kings County; New York,-,Census Tract 53.03; Kings County; New York,52,28,24,Census Tract 53.03; Kings County; New York,52,25,0,Census Tract 53.03; Kings County; New York,52,25,27,36047005303
1400000US36047005400,Census Tract 54; Kings County; New York,81641,Census Tract 54; Kings County; New York,3293,1520,1773,Census Tract 54; Kings County; New York,3293,2307,186,Census Tract 54; Kings County; New York,3293,2874,419,36047005400
1400000US36047005601,Census Tract 56.01; Kings County; New York,112569,Census Tract 56.01; Kings County; New York,2846,1637,1209,Census Tract 56.01; Kings County; New York,2846,2042,109,Census Tract 56.01; Kings County; New York,2846,2468,378,36047005601
1400000US36047005602,Census Tract 56.02; Kings County; New York,99643,Census Tract 56.02; Kings County; New York,1781,873,908,Census Tract 56.02; Kings County; New York,1781,1355,35,Census Tract 56.02; Kings County; New York,1781,1489,292,36047005602
1400000US36047005800,Census Tract 58; Kings County; New York,76111,Census Tract 58; Kings County; New York,3069,1528,1541,Census Tract 58; Kings County; New York,3069,2373,0,Census Tract 58; Kings County; New York,3069,2614,455,36047005800
1400000US36047005900,Census Tract 59; Kings County; New York,99896,Census Tract 59; Kings County; New York,1463,814,649,Census Tract 59; Kings County; New York,1463,1000,134,Census Tract 59; Kings County; New York,1463,1101,362,36047005900
1400000US36047006000,Census Tract 60; Kings County; New York,74107,Census Tract 60; Kings County; New York,2979,1347,1632,Census Tract 60; Kings County; New York,2979,1767,1,Census Tract 60; Kings County; New York,2979,2087,892,36047006000
1400000US36047006200,Census Tract 62; Kings County; New York,80739,Census Tract 62; Kings County; New York,2721,1341,1380,Census Tract 62; Kings County; New York,2721,1920,26,Census Tract 62; Kings County; New York,2721,2062,659,36047006200
1400000US36047006300,Census Tract 63; Kings County; New York,184091,Census Tract 63; Kings County; New York,2038,1103,935,Census Tract 63; Kings County; New York,2038,1521,9,Census Tract 63; Kings County; New York,2038,1752,286,36047006300
1400000US36047006400,Census Tract 64; Kings County; New York,100547,Census Tract 64; Kings County; New York,3427,1684,1743,Census Tract 64; Kings County; New York,3427,2434,31,Census Tract 64; Kings County; New York,3427,2723,704,36047006400
1400000US36047006500,Census Tract 65; Kings County; New York,196433,Census Tract 65; Kings County; New York,6193,2982,3211,Census Tract 65; Kings County; New York,6193,5284,44,Census Tract 65; Kings County; New York,6193,5765,428,36047006500
1400000US36047006600,Census Tract 66; Kings County; New York,101622,Census Tract 66; Kings County; New York,4064,2226,1838,Census Tract 66; Kings County; New York,4064,2284,199,Census Tract 66; Kings County; New York,4064,2927,1137,36047006600
1400000US36047006700,Census Tract 67; Kings County; New York,235455,Census Tract 67; Kings County; New York,3912,1838,2074,Census Tract 67; Kings County; New York,3912,3167,24,Census Tract 67; Kings County; New York,3912,3807,105,36047006700
1400000US36047006800,Census Tract 68; Kings County; New York,76279,Census Tract 68; Kings County; New York,3914,1624,2290,Census Tract 68; Kings County; New York,3914,2016,234,Census Tract 68; Kings County; New York,3914,3036,878,36047006800
1400000US36047006901,Census Tract 69.01; Kings County; New York,154531,Census Tract 69.01; Kings County; New York,1724,877,847,Census Tract 69.01; Kings County; New York,1724,1434,21,Census Tract 69.01; Kings County; New York,1724,1600,124,36047006901
1400000US36047006902,Census Tract 69.02; Kings County; New York,229141,Census Tract 69.02; Kings County; New York,1981,1003,978,Census Tract 69.02; Kings County; New York,1981,1413,56,Census Tract 69.02; Kings County; New York,1981,1803,178,36047006902
1400000US36047007000,Census Tract 70; Kings County; New York,83138,Census Tract 70; Kings County; New York,2681,1307,1374,Census Tract 70; Kings County; New York,2681,1460,34,Census Tract 70; Kings County; New York,2681,1710,971,36047007000
1400000US36047007100,Census Tract 71; Kings County; New York,65115,Census Tract 71; Kings County; New York,4379,2022,2357,Census Tract 71; Kings County; New York,4379,1443,1121,Census Tract 71; Kings County; New York,4379,2982,1397,36047007100
1400000US36047007200,Census Tract 72; Kings County; New York,73125,Census Tract 72; Kings County; New York,1865,904,961,Census Tract 72; Kings County; New York,1865,303,32,Census Tract 72; Kings County; New York,1865,508,1357,36047007200
1400000US36047007400,Census Tract 74; Kings County; New York,72860,Census Tract 74; Kings County; New York,5360,2660,2700,Census Tract 74; Kings County; New York,5360,1103,34,Census Tract 74; Kings County; New York,5360,2362,2998,36047007400
1400000US36047007500,Census Tract 75; Kings County; New York,156556,Census Tract 75; Kings County; New York,4707,2422,2285,Census Tract 75; Kings County; New York,4707,3460,110,Census Tract 75; Kings County; New York,4707,4183,524,36047007500
1400000US36047007600,Census Tract 76; Kings County; New York,61975,Census Tract 76; Kings County; New York,4728,2089,2639,Census Tract 76; Kings County; New York,4728,1099,215,Census Tract 76; Kings County; New York,4728,1582,3146,36047007600
1400000US36047007700,Census Tract 77; Kings County; New York,207551,Census Tract 77; Kings County; New York,6132,3172,2960,Census Tract 77; Kings County; New York,6132,5125,108,Census Tract 77; Kings County; New York,6132,5667,465,36047007700
1400000US36047007800,Census Tract 78; Kings County; New York,71616,Census Tract 78; Kings County; New York,5120,2658,2462,Census Tract 78; Kings County; New York,5120,1764,135,Census Tract 78; Kings County; New York,5120,1111,4009,36047007800
1400000US36047008000,Census Tract 80; Kings County; New York,77552,Census Tract 80; Kings County; New York,3539,1944,1595,Census Tract 80; Kings County; New York,3539,1163,150,Census Tract 80; Kings County; New York,3539,1003,2536,36047008000
1400000US36047008200,Census Tract 82; Kings County; New York,43142,Census Tract 82; Kings County; New York,3828,1773,2055,Census Tract 82; Kings County; New York,3828,884,319,Census Tract 82; Kings County; New York,3828,1297,2531,36047008200
1400000US36047008400,Census Tract 84; Kings County; New York,105670,Census Tract 84; Kings County; New York,3154,1686,1468,Census Tract 84; Kings County; New York,3154,796,157,Census Tract 84; Kings County; New York,3154,985,2169,36047008400
1400000US36047008500,Census Tract 85; Kings County; New York,24672,Census Tract 85; Kings County; New York,7631,2529,5102,Census Tract 85; Kings County; New York,7631,670,4177,Census Tract 85; Kings County; New York,7631,4452,3179,36047008500
1400000US36047008600,Census Tract 86; Kings County; New York,-,Census Tract 86; Kings County; New York,0,0,0,Census Tract 86; Kings County; New York,0,0,0,Census Tract 86; Kings County; New York,0,0,0,36047008600
1400000US36047008800,Census Tract 88; Kings County; New York,83438,Census Tract 88; Kings County; New York,2497,1409,1088,Census Tract 88; Kings County; New York,2497,823,475,Census Tract 88; Kings County; New York,2497,1340,1157,36047008800
1400000US36047009001,Census Tract 90.01; Kings County; New York,49500,Census Tract 90.01; Kings County; New York,1300,739,561,Census Tract 90.01; Kings County; New York,1300,291,20,Census Tract 90.01; Kings County; New York,1300,412,888,36047009001
1400000US36047009002,Census Tract 90.02; Kings County; New York,61801,Census Tract 90.02; Kings County; New York,1686,960,726,Census Tract 90.02; Kings County; New York,1686,200,0,Census Tract 90.02; Kings County; New York,1686,664,1022,36047009002
1400000US36047009201,Census Tract 92.01; Kings County; New York,59148,Census Tract 92.01; Kings County; New York,1850,914,936,Census Tract 92.01; Kings County; New York,1850,299,32,Census Tract 92.01; Kings County; New York,1850,1682,168,36047009201
1400000US36047009202,Census Tract 92.02; Kings County; New York,54667,Census Tract 92.02; Kings County; New York,2866,1501,1365,Census Tract 92.02; Kings County; New York,2866,428,46,Census Tract 92.02; Kings County; New York,2866,1351,1515,36047009202
1400000US36047009401,Census Tract 94.01; Kings County; New York,48304,Census Tract 94.01; Kings County; New York,1985,981,1004,Census Tract 94.01; Kings County; New York,1985,209,0,Census Tract 94.01; Kings County; New York,1985,1540,445,36047009401
1400000US36047009402,Census Tract 94.02; Kings County; New York,82691,Census Tract 94.02; Kings County; New York,3089,1642,1447,Census Tract 94.02; Kings County; New York,3089,755,66,Census Tract 94.02; Kings County; New York,3089,2752,337,36047009402
1400000US36047009600,Census Tract 96; Kings County; New York,80253,Census Tract 96; Kings County; New York,5917,2674,3243,Census Tract 96; Kings County; New York,5917,1481,215,Census Tract 96; Kings County; New York,5917,3561,2356,36047009600
1400000US36047009800,Census Tract 98; Kings County; New York,57341,Census Tract 98; Kings County; New York,6759,3767,2992,Census Tract 98; Kings County; New York,6759,302,192,Census Tract 98; Kings County; New York,6759,2935,3824,36047009800
1400000US36047010000,Census Tract 100; Kings County; New York,56350,Census Tract 100; Kings County; New York,5510,2361,3149,Census Tract 100; Kings County; New York,5510,398,134,Census Tract 100; Kings County; New York,5510,3306,2204,36047010000
1400000US36047010100,Census Tract 101; Kings County; New York,112857,Census Tract 101; Kings County; New York,4577,2401,2176,Census Tract 101; Kings County; New York,4577,2218,276,Census Tract 101; Kings County; New York,4577,1779,2798,36047010100
1400000US36047010200,Census Tract 102; Kings County; New York,51250,Census Tract 102; Kings County; New York,4561,2236,2325,Census Tract 102; Kings County; New York,4561,487,52,Census Tract 102; Kings County; New York,4561,3674,887,36047010200
1400000US36047010401,Census Tract 104.01; Kings County; New York,56121,Census Tract 104.01; Kings County; New York,2183,1003,1180,Census Tract 104.01; Kings County; New York,2183,130,12,Census Tract 104.01; Kings County; New York,2183,1919,264,36047010401
1400000US36047010402,Census Tract 104.02; Kings County; New York,29803,Census Tract 104.02; Kings County; New York,1861,884,977,Census Tract 104.02; Kings County; New York,1861,240,17,Census Tract 104.02; Kings County; New York,1861,1786,75,36047010402
1400000US36047010601,Census Tract 106.01; Kings County; New York,46172,Census Tract 106.01; Kings County; New York,2230,1253,977,Census Tract 106.01; Kings County; New York,2230,48,7,Census Tract 106.01; Kings County; New York,2230,1937,293,36047010601
1400000US36047010602,Census Tract 106.02; Kings County; New York,65615,Census Tract 106.02; Kings County; New York,2192,1026,1166,Census Tract 106.02; Kings County; New York,2192,66,0,Census Tract 106.02; Kings County; New York,2192,2103,89,36047010602
1400000US36047010801,Census Tract 108.01; Kings County; New York,62813,Census Tract 108.01; Kings County; New York,1951,1071,880,Census Tract 108.01; Kings County; New York,1951,178,16,Census Tract 108.01; Kings County; New York,1951,1658,293,36047010801
1400000US36047010802,Census Tract 108.02; Kings County; New York,65227,Census Tract 108.02; Kings County; New York,2585,1234,1351,Census Tract 108.02; Kings County; New York,2585,125,104,Census Tract 108.02; Kings County; New York,2585,2357,228,36047010802
1400000US36047011000,Census Tract 110; Kings County; New York,83083,Census Tract 110; Kings County; New York,2697,1254,1443,Census Tract 110; Kings County; New York,2697,792,65,Census Tract 110; Kings County; New York,2697,1600,1097,36047011000
1400000US36047011200,Census Tract 112; Kings County; New York,61400,Census Tract 112; Kings County; New York,6478,3178,3300,Census Tract 112; Kings County; New York,6478,2469,108,Census Tract 112; Kings County; New York,6478,4442,2036,36047011200
1400000US36047011400,Census Tract 114; Kings County; New York,72043,Census Tract 114; Kings County; New York,4085,1963,2122,Census Tract 114; Kings County; New York,4085,2002,502,Census Tract 114; Kings County; New York,4085,3512,573,36047011400
1400000US36047011600,Census Tract 116; Kings County; New York,48469,Census Tract 116; Kings County; New York,3344,1657,1687,Census Tract 116; Kings County; New York,3344,239,27,Census Tract 116; Kings County; New York,3344,2882,462,36047011600
1400000US36047011700,Census Tract 117; Kings County; New York,124675,Census Tract 117; Kings County; New York,3140,1708,1432,Census Tract 117; Kings County; New York,3140,1468,197,Census Tract 117; Kings County; New York,3140,2089,1051,36047011700
1400000US36047011800,Census Tract 118; Kings County; New York,63125,Census Tract 118; Kings County; New York,1930,976,954,Census Tract 118; Kings County; New York,1930,245,11,Census Tract 118; Kings County; New York,1930,1710,220,36047011800
1400000US36047011901,Census Tract 119.01; Kings County; New York,139750,Census Tract 119.01; Kings County; New York,1466,821,645,Census Tract 119.01; Kings County; New York,1466,819,120,Census Tract 119.01; Kings County; New York,1466,1134,332,36047011901
1400000US36047011902,Census Tract 119.02; Kings County; New York,-,Census Tract 119.02; Kings County; New York,0,0,0,Census Tract 119.02; Kings County; New York,0,0,0,Census Tract 119.02; Kings County; New York,0,0,0,36047011902
1400000US36047012000,Census Tract 120; Kings County; New York,71292,Census Tract 120; Kings County; New York,1291,600,691,Census Tract 120; Kings County; New York,1291,53,0,Census Tract 120; Kings County; New York,1291,1050,241,36047012000
1400000US36047012100,Census Tract 121; Kings County; New York,119801,Census Tract 121; Kings County; New York,2057,1064,993,Census Tract 121; Kings County; New York,2057,1396,93,Census Tract 121; Kings County; New York,2057,1393,664,36047012100
1400000US36047012200,Census Tract 122; Kings County; New York,50107,Census Tract 122; Kings County; New York,4651,2354,2297,Census Tract 122; Kings County; New York,4651,629,89,Census Tract 122; Kings County; New York,4651,2275,2376,36047012200
1400000US36047012600,Census Tract 126; Kings County; New York,67679,Census Tract 126; Kings County; New York,2778,1386,1392,Census Tract 126; Kings County; New York,2778,1121,51,Census Tract 126; Kings County; New York,2778,2133,645,36047012600
1400000US36047012700,Census Tract 127; Kings County; New York,73646,Census Tract 127; Kings County; New York,4037,1676,2361,Census Tract 127; Kings County; New York,4037,977,1684,Census Tract 127; Kings County; New York,4037,3060,977,36047012700
1400000US36047012801,Census Tract 128.01; Kings County; New York,80433,Census Tract 128.01; Kings County; New York,1932,1003,929,Census Tract 128.01; Kings County; New York,1932,614,35,Census Tract 128.01; Kings County; New York,1932,1489,443,36047012801
1400000US36047012901,Census Tract 129.01; Kings County; New York,244837,Census Tract 129.01; Kings County; New York,2377,1126,1251,Census Tract 129.01; Kings County; New York,2377,1357,265,Census Tract 129.01; Kings County; New York,2377,2050,327,36047012901
1400000US36047012902,Census Tract 129.02; Kings County; New York,162377,Census Tract 129.02; Kings County; New York,3452,1747,1705,Census Tract 129.02; Kings County; New York,3452,1674,533,Census Tract 129.02; Kings County; New York,3452,2717,735,36047012902
1400000US36047013000,Census Tract 130; Kings County; New York,79219,Census Tract 130; Kings County; New York,5037,2230,2807,Census Tract 130; Kings County; New York,5037,3093,190,Census Tract 130; Kings County; New York,5037,3720,1317,36047013000
1400000US36047013100,Census Tract 131; Kings County; New York,109875,Census Tract 131; Kings County; New York,3434,1759,1675,Census Tract 131; Kings County; New York,3434,2172,525,Census Tract 131; Kings County; New York,3434,3076,358,36047013100
1400000US36047013200,Census Tract 132; Kings County; New York,83281,Census Tract 132; Kings County; New York,2315,1176,1139,Census Tract 132; Kings County; New York,2315,1158,62,Census Tract 132; Kings County; New York,2315,2110,205,36047013200
1400000US36047013300,Census Tract 133; Kings County; New York,209286,Census Tract 133; Kings County; New York,4388,2381,2007,Census Tract 133; Kings County; New York,4388,3225,128,Census Tract 133; Kings County; New York,4388,3722,666,36047013300
1400000US36047013400,Census Tract 134; Kings County; New York,105057,Census Tract 134; Kings County; New York,4229,1995,2234,Census Tract 134; Kings County; New York,4229,2412,125,Census Tract 134; Kings County; New York,4229,3365,864,36047013400
1400000US36047013500,Census Tract 135; Kings County; New York,214028,Census Tract 135; Kings County; New York,3946,2081,1865,Census Tract 135; Kings County; New York,3946,2831,183,Census Tract 135; Kings County; New York,3946,3515,431,36047013500
1400000US36047013600,Census Tract 136; Kings County; New York,92414,Census Tract 136; Kings County; New York,3804,1810,1994,Census Tract 136; Kings County; New York,3804,2366,26,Census Tract 136; Kings County; New York,3804,2825,979,36047013600
1400000US36047013700,Census Tract 137; Kings County; New York,160652,Census Tract 137; Kings County; New York,3217,1557,1660,Census Tract 137; Kings County; New York,3217,2250,202,Census Tract 137; Kings County; New York,3217,2573,644,36047013700
1400000US36047013800,Census Tract 138; Kings County; New York,99984,Census Tract 138; Kings County; New York,3635,1864,1771,Census Tract 138; Kings County; New York,3635,2261,47,Census Tract 138; Kings County; New York,3635,2682,953,36047013800
1400000US36047013900,Census Tract 139; Kings County; New York,173226,Census Tract 139; Kings County; New York,3527,1698,1829,Census Tract 139; Kings County; New York,3527,2441,296,Census Tract 139; Kings County; New York,3527,3033,494,36047013900
1400000US36047014000,Census Tract 140; Kings County; New York,59417,Census Tract 140; Kings County; New York,1910,1057,853,Census Tract 140; Kings County; New York,1910,1329,175,Census Tract 140; Kings County; New York,1910,1813,97,36047014000
1400000US36047014101,Census Tract 141.01; Kings County; New York,155625,Census Tract 141.01; Kings County; New York,1357,682,675,Census Tract 141.01; Kings County; New York,1357,795,76,Census Tract 141.01; Kings County; New York,1357,1228,129,36047014101
1400000US36047014102,Census Tract 141.02; Kings County; New York,148125,Census Tract 141.02; Kings County; New York,2102,938,1164,Census Tract 141.02; Kings County; New York,2102,1341,67,Census Tract 141.02; Kings County; New York,2102,1571,531,36047014102
1400000US36047014200,Census Tract 142; Kings County; New York,79444,Census Tract 142; Kings County; New York,3497,1623,1874,Census Tract 142; Kings County; New York,3497,1870,223,Census Tract 142; Kings County; New York,3497,2841,656,36047014200
1400000US36047014300,Census Tract 143; Kings County; New York,128828,Census Tract 143; Kings County; New York,3625,1844,1781,Census Tract 143; Kings County; New York,3625,2013,215,Census Tract 143; Kings County; New York,3625,2407,1218,36047014300
1400000US36047014500,Census Tract 145; Kings County; New York,142200,Census Tract 145; Kings County; New York,4459,2363,2096,Census Tract 145; Kings County; New York,4459,3075,137,Census Tract 145; Kings County; New York,4459,3574,885,36047014500
1400000US36047014700,Census Tract 147; Kings County; New York,159297,Census Tract 147; Kings County; New York,2349,1169,1180,Census Tract 147; Kings County; New York,2349,1755,18,Census Tract 147; Kings County; New York,2349,2174,175,36047014700
1400000US36047014800,Census Tract 148; Kings County; New York,76103,Census Tract 148; Kings County; New York,1320,700,620,Census Tract 148; Kings County; New York,1320,648,0,Census Tract 148; Kings County; New York,1320,1008,312,36047014800
1400000US36047014901,Census Tract 149.01; Kings County; New York,162279,Census Tract 149.01; Kings County; New York,1561,706,855,Census Tract 149.01; Kings County; New York,1561,1153,81,Census Tract 149.01; Kings County; New York,1561,1411,150,36047014901
1400000US36047014902,Census Tract 149.02; Kings County; New York,150202,Census Tract 149.02; Kings County; New York,4388,2364,2024,Census Tract 149.02; Kings County; New York,4388,2983,13,Census Tract 149.02; Kings County; New York,4388,3515,873,36047014902
1400000US36047015000,Census Tract 150; Kings County; New York,103750,Census Tract 150; Kings County; New York,1555,703,852,Census Tract 150; Kings County; New York,1555,1054,3,Census Tract 150; Kings County; New York,1555,1412,143,36047015000
1400000US36047015100,Census Tract 151; Kings County; New York,185357,Census Tract 151; Kings County; New York,4042,1901,2141,Census Tract 151; Kings County; New York,4042,3207,53,Census Tract 151; Kings County; New York,4042,3807,235,36047015100
1400000US36047015200,Census Tract 152; Kings County; New York,79783,Census Tract 152; Kings County; New York,2545,1136,1409,Census Tract 152; Kings County; New York,2545,1424,106,Census Tract 152; Kings County; New York,2545,2098,447,36047015200
1400000US36047015300,Census Tract 153; Kings County; New York,149956,Census Tract 153; Kings County; New York,2630,1166,1464,Census Tract 153; Kings County; New York,2630,1825,87,Census Tract 153; Kings County; New York,2630,2265,365,36047015300
1400000US36047015400,Census Tract 154; Kings County; New York,-,Census Tract 154; Kings County; New York,0,0,0,Census Tract 154; Kings County; New York,0,0,0,Census Tract 154; Kings County; New York,0,0,0,36047015400
1400000US36047015500,Census Tract 155; Kings County; New York,214340,Census Tract 155; Kings County; New York,3484,1625,1859,Census Tract 155; Kings County; New York,3484,2731,46,Census Tract 155; Kings County; New York,3484,3110,374,36047015500
1400000US36047015700,Census Tract 157; Kings County; New York,198203,Census Tract 157; Kings County; New York,4777,2501,2276,Census Tract 157; Kings County; New York,4777,3431,314,Census Tract 157; Kings County; New York,4777,4301,476,36047015700
1400000US36047015900,Census Tract 159; Kings County; New York,212109,Census Tract 159; Kings County; New York,5439,2659,2780,Census Tract 159; Kings County; New York,5439,4263,300,Census Tract 159; Kings County; New York,5439,5093,346,36047015900
1400000US36047016000,Census Tract 160; Kings County; New York,88944,Census Tract 160; Kings County; New York,4323,1951,2372,Census Tract 160; Kings County; New York,4323,2149,172,Census Tract 160; Kings County; New York,4323,3508,815,36047016000
1400000US36047016100,Census Tract 161; Kings County; New York,170893,Census Tract 161; Kings County; New York,3574,1670,1904,Census Tract 161; Kings County; New York,3574,2301,105,Census Tract 161; Kings County; New York,3574,2830,744,36047016100
1400000US36047016200,Census Tract 162; Kings County; New York,98125,Census Tract 162; Kings County; New York,2282,1113,1169,Census Tract 162; Kings County; New York,2282,1198,112,Census Tract 162; Kings County; New York,2282,1394,888,36047016200
1400000US36047016300,Census Tract 163; Kings County; New York,151923,Census Tract 163; Kings County; New York,4082,1782,2300,Census Tract 163; Kings County; New York,4082,2564,683,Census Tract 163; Kings County; New York,4082,3776,306,36047016300
1400000US36047016400,Census Tract 164; Kings County; New York,126696,Census Tract 164; Kings County; New York,859,513,346,Census Tract 164; Kings County; New York,859,580,122,Census Tract 164; Kings County; New York,859,763,96,36047016400
1400000US36047016500,Census Tract 165; Kings County; New York,"250,000+",Census Tract 165; Kings County; New York,6118,2803,3315,Census Tract 165; Kings County; New York,6118,4445,190,Census Tract 165; Kings County; New York,6118,5544,574,36047016500
1400000US36047016600,Census Tract 166; Kings County; New York,126250,Census Tract 166; Kings County; New York,1958,939,1019,Census Tract 166; Kings County; New York,1958,1328,0,Census Tract 166; Kings County; New York,1958,1825,133,36047016600
1400000US36047016700,Census Tract 167; Kings County; New York,193594,Census Tract 167; Kings County; New York,4851,2257,2594,Census Tract 167; Kings County; New York,4851,3662,75,Census Tract 167; Kings County; New York,4851,4423,428,36047016700
1400000US36047016800,Census Tract 168; Kings County; New York,116991,Census Tract 168; Kings County; New York,1970,959,1011,Census Tract 168; Kings County; New York,1970,1191,0,Census Tract 168; Kings County; New York,1970,1878,92,36047016800
1400000US36047016900,Census Tract 169; Kings County; New York,154155,Census Tract 169; Kings County; New York,4726,2483,2243,Census Tract 169; Kings County; New York,4726,3887,42,Census Tract 169; Kings County; New York,4726,4511,215,36047016900
1400000US36047017000,Census Tract 170; Kings County; New York,94926,Census Tract 170; Kings County; New York,3584,1559,2025,Census Tract 170; Kings County; New York,3584,1552,81,Census Tract 170; Kings County; New York,3584,2793,791,36047017000
1400000US36047017100,Census Tract 171; Kings County; New York,168973,Census Tract 171; Kings County; New York,4195,1861,2334,Census Tract 171; Kings County; New York,4195,3187,26,Census Tract 171; Kings County; New York,4195,3401,794,36047017100
1400000US36047017200,Census Tract 172; Kings County; New York,131513,Census Tract 172; Kings County; New York,2830,1296,1534,Census Tract 172; Kings County; New York,2830,1268,49,Census Tract 172; Kings County; New York,2830,2507,323,36047017200
1400000US36047017400,Census Tract 174; Kings County; New York,107143,Census Tract 174; Kings County; New York,2038,930,1108,Census Tract 174; Kings County; New York,2038,878,0,Census Tract 174; Kings County; New York,2038,1826,212,36047017400
1400000US36047017500,Census Tract 175; Kings County; New York,-,Census Tract 175; Kings County; New York,0,0,0,Census Tract 175; Kings County; New York,0,0,0,Census Tract 175; Kings County; New York,0,0,0,36047017500
1400000US36047017600,Census Tract 176; Kings County; New York,97955,Census Tract 176; Kings County; New York,2238,1055,1183,Census Tract 176; Kings County; New York,2238,1251,0,Census Tract 176; Kings County; New York,2238,1970,268,36047017600
1400000US36047017700,Census Tract 177; Kings County; New York,-,Census Tract 177; Kings County; New York,0,0,0,Census Tract 177; Kings County; New York,0,0,0,Census Tract 177; Kings County; New York,0,0,0,36047017700
1400000US36047017800,Census Tract 178; Kings County; New York,75655,Census Tract 178; Kings County; New York,2654,1363,1291,Census Tract 178; Kings County; New York,2654,1093,9,Census Tract 178; Kings County; New York,2654,2166,488,36047017800
1400000US36047017900,Census Tract 179; Kings County; New York,106106,Census Tract 179; Kings County; New York,4017,1689,2328,Census Tract 179; Kings County; New York,4017,1262,1270,Census Tract 179; Kings County; New York,4017,3048,969,36047017900
1400000US36047018000,Census Tract 180; Kings County; New York,58667,Census Tract 180; Kings County; New York,3027,1571,1456,Census Tract 180; Kings County; New York,3027,1650,0,Census Tract 180; Kings County; New York,3027,2563,464,36047018000
1400000US36047018100,Census Tract 181; Kings County; New York,163382,Census Tract 181; Kings County; New York,3749,2067,1682,Census Tract 181; Kings County; New York,3749,2202,569,Census Tract 181; Kings County; New York,3749,3418,331,36047018100
1400000US36047018200,Census Tract 182; Kings County; New York,73229,Census Tract 182; Kings County; New York,3460,1735,1725,Census Tract 182; Kings County; New York,3460,1089,0,Census Tract 182; Kings County; New York,3460,2861,599,36047018200
1400000US36047018300,Census Tract 183; Kings County; New York,191944,Census Tract 183; Kings County; New York,2879,1325,1554,Census Tract 183; Kings County; New York,2879,1843,247,Census Tract 183; Kings County; New York,2879,2675,204,36047018300
1400000US36047018400,Census Tract 184; Kings County; New York,76118,Census Tract 184; Kings County; New York,2161,1005,1156,Census Tract 184; Kings County; New York,2161,943,0,Census Tract 184; Kings County; New York,2161,2069,92,36047018400
1400000US36047018501,Census Tract 185.01; Kings County; New York,46029,Census Tract 185.01; Kings County; New York,4334,1780,2554,Census Tract 185.01; Kings County; New York,4334,678,2108,Census Tract 185.01; Kings County; New York,4334,2646,1688,36047018501
1400000US36047018600,Census Tract 186; Kings County; New York,83250,Census Tract 186; Kings County; New York,2081,884,1197,Census Tract 186; Kings County; New York,2081,905,0,Census Tract 186; Kings County; New York,2081,1585,496,36047018600
1400000US36047018700,Census Tract 187; Kings County; New York,122115,Census Tract 187; Kings County; New York,1448,675,773,Census Tract 187; Kings County; New York,1448,761,351,Census Tract 187; Kings County; New York,1448,1236,212,36047018700
1400000US36047018800,Census Tract 188; Kings County; New York,50265,Census Tract 188; Kings County; New York,2875,1536,1339,Census Tract 188; Kings County; New York,2875,1417,1,Census Tract 188; Kings County; New York,2875,2537,338,36047018800
1400000US36047019000,Census Tract 190; Kings County; New York,60645,Census Tract 190; Kings County; New York,4093,2521,1572,Census Tract 190; Kings County; New York,4093,1079,12,Census Tract 190; Kings County; New York,4093,3035,1058,36047019000
1400000US36047019100,Census Tract 191; Kings County; New York,160471,Census Tract 191; Kings County; New York,2825,1427,1398,Census Tract 191; Kings County; New York,2825,1481,169,Census Tract 191; Kings County; New York,2825,2080,745,36047019100
1400000US36047019200,Census Tract 192; Kings County; New York,69327,Census Tract 192; Kings County; New York,3095,1747,1348,Census Tract 192; Kings County; New York,3095,1433,3,Census Tract 192; Kings County; New York,3095,2415,680,36047019200
1400000US36047019300,Census Tract 193; Kings County; New York,75986,Census Tract 193; Kings County; New York,5974,1942,4032,Census Tract 193; Kings County; New York,5974,2643,1602,Census Tract 193; Kings County; New York,5974,5275,699,36047019300
1400000US36047019400,Census Tract 194; Kings County; New York,56140,Census Tract 194; Kings County; New York,3371,1928,1443,Census Tract 194; Kings County; New York,3371,637,16,Census Tract 194; Kings County; New York,3371,2632,739,36047019400
1400000US36047019500,Census Tract 195; Kings County; New York,116479,Census Tract 195; Kings County; New York,3782,1790,1992,Census Tract 195; Kings County; New York,3782,1644,1292,Census Tract 195; Kings County; New York,3782,3218,564,36047019500
1400000US36047019600,Census Tract 196; Kings County; New York,82044,Census Tract 196; Kings County; New York,4494,2380,2114,Census Tract 196; Kings County; New York,4494,1728,250,Census Tract 196; Kings County; New York,4494,3328,1166,36047019600
1400000US36047019700,Census Tract 197; Kings County; New York,131875,Census Tract 197; Kings County; New York,4051,1993,2058,Census Tract 197; Kings County; New York,4051,2247,946,Census Tract 197; Kings County; New York,4051,3474,577,36047019700
1400000US36047019800,Census Tract 198; Kings County; New York,76973,Census Tract 198; Kings County; New York,1812,971,841,Census Tract 198; Kings County; New York,1812,771,3,Census Tract 198; Kings County; New York,1812,1589,223,36047019800
1400000US36047019900,Census Tract 199; Kings County; New York,131250,Census Tract 199; Kings County; New York,3964,1637,2327,Census Tract 199; Kings County; New York,3964,1883,706,Census Tract 199; Kings County; New York,3964,3399,565,36047019900
1400000US36047020000,Census Tract 200; Kings County; New York,97875,Census Tract 200; Kings County; New York,2118,970,1148,Census Tract 200; Kings County; New York,2118,909,14,Census Tract 200; Kings County; New York,2118,1800,318,36047020000
1400000US36047020100,Census Tract 201; Kings County; New York,153250,Census Tract 201; Kings County; New York,4133,2137,1996,Census Tract 201; Kings County; New York,4133,2115,1118,Census Tract 201; Kings County; New York,4133,3859,274,36047020100
1400000US36047020200,Census Tract 202; Kings County; New York,77434,Census Tract 202; Kings County; New York,1747,784,963,Census Tract 202; Kings County; New York,1747,906,58,Census Tract 202; Kings County; New York,1747,1453,294,36047020200
1400000US36047020300,Census Tract 203; Kings County; New York,171250,Census Tract 203; Kings County; New York,1984,1014,970,Census Tract 203; Kings County; New York,1984,1245,214,Census Tract 203; Kings County; New York,1984,1812,172,36047020300
1400000US36047020400,Census Tract 204; Kings County; New York,102368,Census Tract 204; Kings County; New York,1754,830,924,Census Tract 204; Kings County; New York,1754,1080,15,Census Tract 204; Kings County; New York,1754,1670,84,36047020400
1400000US36047020500,Census Tract 205; Kings County; New York,162596,Census Tract 205; Kings County; New York,3542,1565,1977,Census Tract 205; Kings County; New York,3542,2448,285,Census Tract 205; Kings County; New York,3542,3262,280,36047020500
1400000US36047020600,Census Tract 206; Kings County; New York,70806,Census Tract 206; Kings County; New York,2488,1324,1164,Census Tract 206; Kings County; New York,2488,1497,10,Census Tract 206; Kings County; New York,2488,2291,197,36047020600
1400000US36047020700,Census Tract 207; Kings County; New York,184638,Census Tract 207; Kings County; New York,4681,2049,2632,Census Tract 207; Kings County; New York,4681,3344,335,Census Tract 207; Kings County; New York,4681,4130,551,36047020700
1400000US36047020800,Census Tract 208; Kings County; New York,67114,Census Tract 208; Kings County; New York,2761,1537,1224,Census Tract 208; Kings County; New York,2761,1195,0,Census Tract 208; Kings County; New York,2761,2592,169,36047020800
1400000US36047021000,Census Tract 210; Kings County; New York,72341,Census Tract 210; Kings County; New York,3899,2156,1743,Census Tract 210; Kings County; New York,3899,1016,90,Census Tract 210; Kings County; New York,3899,3611,288,36047021000
1400000US36047021100,Census Tract 211; Kings County; New York,95236,Census Tract 211; Kings County; New York,2753,1390,1363,Census Tract 211; Kings County; New York,2753,679,1229,Census Tract 211; Kings County; New York,2753,2132,621,36047021100
1400000US36047021200,Census Tract 212; Kings County; New York,61989,Census Tract 212; Kings County; New York,3448,1898,1550,Census Tract 212; Kings County; New York,3448,831,58,Census Tract 212; Kings County; New York,3448,3244,204,36047021200
1400000US36047021300,Census Tract 213; Kings County; New York,70109,Census Tract 213; Kings County; New York,4440,1871,2569,Census Tract 213; Kings County; New York,4440,893,2825,Census Tract 213; Kings County; New York,4440,3964,476,36047021300
1400000US36047021400,Census Tract 214; Kings County; New York,69088,Census Tract 214; Kings County; New York,2510,1306,1204,Census Tract 214; Kings County; New York,2510,1380,0,Census Tract 214; Kings County; New York,2510,2213,297,36047021400
1400000US36047021500,Census Tract 215; Kings County; New York,112650,Census Tract 215; Kings County; New York,5735,2438,3297,Census Tract 215; Kings County; New York,5735,3236,1099,Census Tract 215; Kings County; New York,5735,5157,578,36047021500
1400000US36047021600,Census Tract 216; Kings County; New York,41250,Census Tract 216; Kings County; New York,3670,1859,1811,Census Tract 216; Kings County; New York,3670,2906,55,Census Tract 216; Kings County; New York,3670,3276,394,36047021600
1400000US36047021700,Census Tract 217; Kings County; New York,103269,Census Tract 217; Kings County; New York,3958,1711,2247,Census Tract 217; Kings County; New York,3958,1556,1300,Census Tract 217; Kings County; New York,3958,3279,679,36047021700
1400000US36047021800,Census Tract 218; Kings County; New York,68062,Census Tract 218; Kings County; New York,3001,1393,1608,Census Tract 218; Kings County; New York,3001,2341,0,Census Tract 218; Kings County; New York,3001,2560,441,36047021800
1400000US36047021900,Census Tract 219; Kings County; New York,130970,Census Tract 219; Kings County; New York,4285,1690,2595,Census Tract 219; Kings County; New York,4285,1604,2062,Census Tract 219; Kings County; New York,4285,3941,344,36047021900
1400000US36047022000,Census Tract 220; Kings County; New York,51198,Census Tract 220; Kings County; New York,5525,3108,2417,Census Tract 220; Kings County; New York,5525,4469,10,Census Tract 220; Kings County; New York,5525,5100,425,36047022000
1400000US36047022100,Census Tract 221; Kings County; New York,78156,Census Tract 221; Kings County; New York,3706,1980,1726,Census Tract 221; Kings County; New York,3706,1454,1647,Census Tract 221; Kings County; New York,3706,3242,464,36047022100
1400000US36047022200,Census Tract 222; Kings County; New York,50731,Census Tract 222; Kings County; New York,4270,2102,2168,Census Tract 222; Kings County; New York,4270,3241,0,Census Tract 222; Kings County; New York,4270,3698,572,36047022200
1400000US36047022400,Census Tract 224; Kings County; New York,53084,Census Tract 224; Kings County; New York,5335,2816,2519,Census Tract 224; Kings County; New York,5335,4294,15,Census Tract 224; Kings County; New York,5335,4544,791,36047022400
1400000US36047022600,Census Tract 226; Kings County; New York,84194,Census Tract 226; Kings County; New York,2572,1322,1250,Census Tract 226; Kings County; New York,2572,1358,0,Census Tract 226; Kings County; New York,2572,1798,774,36047022600
1400000US36047022700,Census Tract 227; Kings County; New York,121250,Census Tract 227; Kings County; New York,4425,1893,2532,Census Tract 227; Kings County; New York,4425,1606,1265,Census Tract 227; Kings County; New York,4425,3347,1078,36047022700
1400000US36047022800,Census Tract 228; Kings County; New York,65208,Census Tract 228; Kings County; New York,3683,1801,1882,Census Tract 228; Kings County; New York,3683,2026,89,Census Tract 228; Kings County; New York,3683,3347,336,36047022800
1400000US36047022900,Census Tract 229; Kings County; New York,129886,Census Tract 229; Kings County; New York,3425,1479,1946,Census Tract 229; Kings County; New York,3425,1909,729,Census Tract 229; Kings County; New York,3425,3045,380,36047022900
1400000US36047023000,Census Tract 230; Kings County; New York,51250,Census Tract 230; Kings County; New York,4887,2722,2165,Census Tract 230; Kings County; New York,4887,3622,48,Census Tract 230; Kings County; New York,4887,4106,781,36047023000
1400000US36047023100,Census Tract 231; Kings County; New York,162933,Census Tract 231; Kings County; New York,3546,1533,2013,Census Tract 231; Kings County; New York,3546,1819,1018,Census Tract 231; Kings County; New York,3546,3089,457,36047023100
1400000US36047023200,Census Tract 232; Kings County; New York,67750,Census Tract 232; Kings County; New York,6648,3447,3201,Census Tract 232; Kings County; New York,6648,5922,1,Census Tract 232; Kings County; New York,6648,6583,65,36047023200
1400000US36047023300,Census Tract 233; Kings County; New York,75990,Census Tract 233; Kings County; New York,6804,2421,4383,Census Tract 233; Kings County; New York,6804,2509,2582,Census Tract 233; Kings County; New York,6804,5508,1296,36047023300
1400000US36047023400,Census Tract 234; Kings County; New York,37450,Census Tract 234; Kings County; New York,5558,2775,2783,Census Tract 234; Kings County; New York,5558,4872,0,Census Tract 234; Kings County; New York,5558,5147,411,36047023400
1400000US36047023500,Census Tract 235; Kings County; New York,84175,Census Tract 235; Kings County; New York,5578,2896,2682,Census Tract 235; Kings County; New York,5578,4291,256,Census Tract 235; Kings County; New York,5578,4795,783,36047023500
1400000US36047023600,Census Tract 236; Kings County; New York,32500,Census Tract 236; Kings County; New York,5846,2862,2984,Census Tract 236; Kings County; New York,5846,5295,0,Census Tract 236; Kings County; New York,5846,5785,61,36047023600
1400000US36047023800,Census Tract 238; Kings County; New York,50566,Census Tract 238; Kings County; New York,5200,2440,2760,Census Tract 238; Kings County; New York,5200,4637,0,Census Tract 238; Kings County; New York,5200,4939,261,36047023800
1400000US36047024000,Census Tract 240; Kings County; New York,47750,Census Tract 240; Kings County; New York,6413,3116,3297,Census Tract 240; Kings County; New York,6413,5524,142,Census Tract 240; Kings County; New York,6413,5944,469,36047024000
1400000US36047024100,Census Tract 241; Kings County; New York,135968,Census Tract 241; Kings County; New York,2975,1783,1192,Census Tract 241; Kings County; New York,2975,1561,452,Census Tract 241; Kings County; New York,2975,2648,327,36047024100
1400000US36047024200,Census Tract 242; Kings County; New York,60091,Census Tract 242; Kings County; New York,3026,1733,1293,Census Tract 242; Kings County; New York,3026,2573,29,Census Tract 242; Kings County; New York,3026,2869,157,36047024200
1400000US36047024300,Census Tract 243; Kings County; New York,114142,Census Tract 243; Kings County; New York,4300,2009,2291,Census Tract 243; Kings County; New York,4300,982,2177,Census Tract 243; Kings County; New York,4300,3766,534,36047024300
1400000US36047024400,Census Tract 244; Kings County; New York,67500,Census Tract 244; Kings County; New York,3697,1825,1872,Census Tract 244; Kings County; New York,3697,2516,3,Census Tract 244; Kings County; New York,3697,3270,427,36047024400
1400000US36047024500,Census Tract 245; Kings County; New York,91758,Census Tract 245; Kings County; New York,4437,1889,2548,Census Tract 245; Kings County; New York,4437,1456,2150,Census Tract 245; Kings County; New York,4437,4100,337,36047024500
1400000US36047024600,Census Tract 246; Kings County; New York,80398,Census Tract 246; Kings County; New York,3489,1902,1587,Census Tract 246; Kings County; New York,3489,1646,48,Census Tract 246; Kings County; New York,3489,2967,522,36047024600
1400000US36047024700,Census Tract 247; Kings County; New York,61250,Census Tract 247; Kings County; New York,2499,1289,1210,Census Tract 247; Kings County; New York,2499,863,684,Census Tract 247; Kings County; New York,2499,2181,318,36047024700
1400000US36047024800,Census Tract 248; Kings County; New York,75150,Census Tract 248; Kings County; New York,2476,1121,1355,Census Tract 248; Kings County; New York,2476,1372,0,Census Tract 248; Kings County; New York,2476,2090,386,36047024800
1400000US36047024900,Census Tract 249; Kings County; New York,88771,Census Tract 249; Kings County; New York,3992,1751,2241,Census Tract 249; Kings County; New York,3992,1548,1598,Census Tract 249; Kings County; New York,3992,3524,468,36047024900
1400000US36047025000,Census Tract 250; Kings County; New York,48125,Census Tract 250; Kings County; New York,1679,867,812,Census Tract 250; Kings County; New York,1679,172,8,Census Tract 250; Kings County; New York,1679,1257,422,36047025000
1400000US36047025100,Census Tract 251; Kings County; New York,52011,Census Tract 251; Kings County; New York,3687,1514,2173,Census Tract 251; Kings County; New York,3687,1027,2071,Census Tract 251; Kings County; New York,3687,3291,396,36047025100
1400000US36047025200,Census Tract 252; Kings County; New York,54172,Census Tract 252; Kings County; New York,4847,2455,2392,Census Tract 252; Kings County; New York,4847,1948,146,Census Tract 252; Kings County; New York,4847,3963,884,36047025200
1400000US36047025300,Census Tract 253; Kings County; New York,77328,Census Tract 253; Kings County; New York,3375,1795,1580,Census Tract 253; Kings County; New York,3375,1843,926,Census Tract 253; Kings County; New York,3375,3030,345,36047025300
1400000US36047025400,Census Tract 254; Kings County; New York,85819,Census Tract 254; Kings County; New York,2992,1599,1393,Census Tract 254; Kings County; New York,2992,967,0,Census Tract 254; Kings County; New York,2992,2271,721,36047025400
1400000US36047025500,Census Tract 255; Kings County; New York,26833,Census Tract 255; Kings County; New York,4922,1841,3081,Census Tract 255; Kings County; New York,4922,537,2260,Census Tract 255; Kings County; New York,4922,2366,2556,36047025500
1400000US36047025600,Census Tract 256; Kings County; New York,68269,Census Tract 256; Kings County; New York,3114,1595,1519,Census Tract 256; Kings County; New York,3114,1136,0,Census Tract 256; Kings County; New York,3114,2904,210,36047025600
1400000US36047025700,Census Tract 257; Kings County; New York,95263,Census Tract 257; Kings County; New York,3279,1773,1506,Census Tract 257; Kings County; New York,3279,1375,222,Census Tract 257; Kings County; New York,3279,1469,1810,36047025700
1400000US36047025800,Census Tract 258; Kings County; New York,65234,Census Tract 258; Kings County; New York,4482,2166,2316,Census Tract 258; Kings County; New York,4482,1854,253,Census Tract 258; Kings County; New York,4482,3537,945,36047025800
1400000US36047025901,Census Tract 259.01; Kings County; New York,71964,Census Tract 259.01; Kings County; New York,2163,1165,998,Census Tract 259.01; Kings County; New York,2163,960,729,Census Tract 259.01; Kings County; New York,2163,1720,443,36047025901
1400000US36047025902,Census Tract 259.02; Kings County; New York,21953,Census Tract 259.02; Kings County; New York,3611,1145,2466,Census Tract 259.02; Kings County; New York,3611,191,2165,Census Tract 259.02; Kings County; New York,3611,1957,1654,36047025902
1400000US36047026000,Census Tract 260; Kings County; New York,66120,Census Tract 260; Kings County; New York,3076,1348,1728,Census Tract 260; Kings County; New York,3076,890,76,Census Tract 260; Kings County; New York,3076,2268,808,36047026000
1400000US36047026100,Census Tract 261; Kings County; New York,86822,Census Tract 261; Kings County; New York,5459,2281,3178,Census Tract 261; Kings County; New York,5459,1314,1818,Census Tract 261; Kings County; New York,5459,4368,1091,36047026100
1400000US36047026200,Census Tract 262; Kings County; New York,114625,Census Tract 262; Kings County; New York,2626,1341,1285,Census Tract 262; Kings County; New York,2626,723,121,Census Tract 262; Kings County; New York,2626,2428,198,36047026200
1400000US36047026300,Census Tract 263; Kings County; New York,82778,Census Tract 263; Kings County; New York,2270,1079,1191,Census Tract 263; Kings County; New York,2270,550,1370,Census Tract 263; Kings County; New York,2270,2048,222,36047026300
1400000US36047026400,Census Tract 264; Kings County; New York,70151,Census Tract 264; Kings County; New York,4732,2188,2544,Census Tract 264; Kings County; New York,4732,1652,12,Census Tract 264; Kings County; New York,4732,3336,1396,36047026400
1400000US36047026500,Census Tract 265; Kings County; New York,84179,Census Tract 265; Kings County; New York,4163,1693,2470,Census Tract 265; Kings County; New York,4163,1097,1915,Census Tract 265; Kings County; New York,4163,3407,756,36047026500
1400000US36047026600,Census Tract 266; Kings County; New York,52192,Census Tract 266; Kings County; New York,3408,1686,1722,Census Tract 266; Kings County; New York,3408,1418,29,Census Tract 266; Kings County; New York,3408,2545,863,36047026600
1400000US36047026700,Census Tract 267; Kings County; New York,106063,Census Tract 267; Kings County; New York,3950,2060,1890,Census Tract 267; Kings County; New York,3950,1335,1841,Census Tract 267; Kings County; New York,3950,3427,523,36047026700
1400000US36047026800,Census Tract 268; Kings County; New York,87836,Census Tract 268; Kings County; New York,4280,1884,2396,Census Tract 268; Kings County; New York,4280,2224,14,Census Tract 268; Kings County; New York,4280,3845,435,36047026800
1400000US36047026900,Census Tract 269; Kings County; New York,83426,Census Tract 269; Kings County; New York,3124,1601,1523,Census Tract 269; Kings County; New York,3124,924,1382,Census Tract 269; Kings County; New York,3124,2361,763,36047026900
1400000US36047027000,Census Tract 270; Kings County; New York,57792,Census Tract 270; Kings County; New York,2496,1108,1388,Census Tract 270; Kings County; New York,2496,1561,0,Census Tract 270; Kings County; New York,2496,2252,244,36047027000
1400000US36047027100,Census Tract 271; Kings County; New York,98088,Census Tract 271; Kings County; New York,3740,1989,1751,Census Tract 271; Kings County; New York,3740,912,2334,Census Tract 271; Kings County; New York,3740,3187,553,36047027100
1400000US36047027200,Census Tract 272; Kings County; New York,68250,Census Tract 272; Kings County; New York,3993,2260,1733,Census Tract 272; Kings County; New York,3993,1914,162,Census Tract 272; Kings County; New York,3993,2775,1218,36047027200
1400000US36047027300,Census Tract 273; Kings County; New York,111989,Census Tract 273; Kings County; New York,4071,1682,2389,Census Tract 273; Kings County; New York,4071,696,2632,Census Tract 273; Kings County; New York,4071,3573,498,36047027300
1400000US36047027400,Census Tract 274; Kings County; New York,53949,Census Tract 274; Kings County; New York,3159,1330,1829,Census Tract 274; Kings County; New York,3159,1578,0,Census Tract 274; Kings County; New York,3159,3038,121,36047027400
1400000US36047027500,Census Tract 275; Kings County; New York,104537,Census Tract 275; Kings County; New York,5303,2853,2450,Census Tract 275; Kings County; New York,5303,908,3629,Census Tract 275; Kings County; New York,5303,4772,531,36047027500
1400000US36047027600,Census Tract 276; Kings County; New York,61811,Census Tract 276; Kings County; New York,3791,1625,2166,Census Tract 276; Kings County; New York,3791,1211,0,Census Tract 276; Kings County; New York,3791,3041,750,36047027600
1400000US36047027700,Census Tract 277; Kings County; New York,75724,Census Tract 277; Kings County; New York,4294,1809,2485,Census Tract 277; Kings County; New York,4294,591,3013,Census Tract 277; Kings County; New York,4294,3783,511,36047027700
1400000US36047027800,Census Tract 278; Kings County; New York,67913,Census Tract 278; Kings County; New York,3086,1632,1454,Census Tract 278; Kings County; New York,3086,1206,120,Census Tract 278; Kings County; New York,3086,2854,232,36047027800
1400000US36047027900,Census Tract 279; Kings County; New York,83438,Census Tract 279; Kings County; New York,4161,2055,2106,Census Tract 279; Kings County; New York,4161,1231,1945,Census Tract 279; Kings County; New York,4161,3346,815,36047027900
1400000US36047028000,Census Tract 280; Kings County; New York,91250,Census Tract 280; Kings County; New York,1686,905,781,Census Tract 280; Kings County; New York,1686,706,117,Census Tract 280; Kings County; New York,1686,1284,402,36047028000
1400000US36047028100,Census Tract 281; Kings County; New York,57019,Census Tract 281; Kings County; New York,5094,2006,3088,Census Tract 281; Kings County; New York,5094,876,2458,Census Tract 281; Kings County; New York,5094,3302,1792,36047028100
1400000US36047028200,Census Tract 282; Kings County; New York,54219,Census Tract 282; Kings County; New York,2960,1504,1456,Census Tract 282; Kings County; New York,2960,1236,274,Census Tract 282; Kings County; New York,2960,2843,117,36047028200
1400000US36047028300,Census Tract 283; Kings County; New York,49986,Census Tract 283; Kings County; New York,4098,1974,2124,Census Tract 283; Kings County; New York,4098,743,1870,Census Tract 283; Kings County; New York,4098,2760,1338,36047028300
1400000US36047028400,Census Tract 284; Kings County; New York,61587,Census Tract 284; Kings County; New York,3686,1766,1920,Census Tract 284; Kings County; New York,3686,1603,11,Census Tract 284; Kings County; New York,3686,2653,1033,36047028400
1400000US36047028501,Census Tract 285.01; Kings County; New York,56667,Census Tract 285.01; Kings County; New York,427,225,202,Census Tract 285.01; Kings County; New York,427,131,109,Census Tract 285.01; Kings County; New York,427,306,121,36047028501
1400000US36047028502,Census Tract 285.02; Kings County; New York,28466,Census Tract 285.02; Kings County; New York,3303,1600,1703,Census Tract 285.02; Kings County; New York,3303,239,1776,Census Tract 285.02; Kings County; New York,3303,1724,1579,36047028502
1400000US36047028600,Census Tract 286; Kings County; New York,43329,Census Tract 286; Kings County; New York,5171,2523,2648,Census Tract 286; Kings County; New York,5171,1829,393,Census Tract 286; Kings County; New York,5171,4658,513,36047028600
1400000US36047028700,Census Tract 287; Kings County; New York,79350,Census Tract 287; Kings County; New York,3353,1394,1959,Census Tract 287; Kings County; New York,3353,810,1240,Census Tract 287; Kings County; New York,3353,2112,1241,36047028700
1400000US36047028800,Census Tract 288; Kings County; New York,70000,Census Tract 288; Kings County; New York,3799,2151,1648,Census Tract 288; Kings County; New York,3799,1062,0,Census Tract 288; Kings County; New York,3799,2727,1072,36047028800
1400000US36047028900,Census Tract 289; Kings County; New York,66691,Census Tract 289; Kings County; New York,4261,1754,2507,Census Tract 289; Kings County; New York,4261,839,2357,Census Tract 289; Kings County; New York,4261,3108,1153,36047028900
1400000US36047029000,Census Tract 290; Kings County; New York,60701,Census Tract 290; Kings County; New York,3301,1516,1785,Census Tract 290; Kings County; New York,3301,2122,6,Census Tract 290; Kings County; New York,3301,2966,335,36047029000
1400000US36047029100,Census Tract 291; Kings County; New York,82356,Census Tract 291; Kings County; New York,3368,1541,1827,Census Tract 291; Kings County; New York,3368,716,2018,Census Tract 291; Kings County; New York,3368,3009,359,36047029100
1400000US36047029200,Census Tract 292; Kings County; New York,48750,Census Tract 292; Kings County; New York,2668,1335,1333,Census Tract 292; Kings County; New York,2668,994,135,Census Tract 292; Kings County; New York,2668,2129,539,36047029200
1400000US36047029300,Census Tract 293; Kings County; New York,51364,Census Tract 293; Kings County; New York,3284,1643,1641,Census Tract 293; Kings County; New York,3284,350,2222,Census Tract 293; Kings County; New York,3284,2700,584,36047029300
1400000US36047029400,Census Tract 294; Kings County; New York,61188,Census Tract 294; Kings County; New York,2143,1193,950,Census Tract 294; Kings County; New York,2143,946,281,Census Tract 294; Kings County; New York,2143,1728,415,36047029400
1400000US36047029500,Census Tract 295; Kings County; New York,98603,Census Tract 295; Kings County; New York,4011,1685,2326,Census Tract 295; Kings County; New York,4011,1070,2254,Census Tract 295; Kings County; New York,4011,3480,531,36047029500
1400000US36047029600,Census Tract 296; Kings County; New York,76714,Census Tract 296; Kings County; New York,6128,2704,3424,Census Tract 296; Kings County; New York,6128,2649,50,Census Tract 296; Kings County; New York,6128,4539,1589,36047029600
1400000US36047029700,Census Tract 297; Kings County; New York,71382,Census Tract 297; Kings County; New York,4099,1853,2246,Census Tract 297; Kings County; New York,4099,883,2868,Census Tract 297; Kings County; New York,4099,3972,127,36047029700
1400000US36047029800,Census Tract 298; Kings County; New York,60057,Census Tract 298; Kings County; New York,3997,1931,2066,Census Tract 298; Kings County; New York,3997,1723,7,Census Tract 298; Kings County; New York,3997,3266,731,36047029800
1400000US36047029900,Census Tract 299; Kings County; New York,45395,Census Tract 299; Kings County; New York,2483,1075,1408,Census Tract 299; Kings County; New York,2483,627,1445,Census Tract 299; Kings County; New York,2483,2140,343,36047029900
1400000US36047030000,Census Tract 300; Kings County; New York,75179,Census Tract 300; Kings County; New York,4222,1929,2293,Census Tract 300; Kings County; New York,4222,1130,208,Census Tract 300; Kings County; New York,4222,3698,524,36047030000
1400000US36047030100,Census Tract 301; Kings County; New York,95441,Census Tract 301; Kings County; New York,3182,1541,1641,Census Tract 301; Kings County; New York,3182,584,2266,Census Tract 301; Kings County; New York,3182,2807,375,36047030100
1400000US36047030200,Census Tract 302; Kings County; New York,72300,Census Tract 302; Kings County; New York,3899,2028,1871,Census Tract 302; Kings County; New York,3899,1171,30,Census Tract 302; Kings County; New York,3899,3702,197,36047030200
1400000US36047030300,Census Tract 303; Kings County; New York,45197,Census Tract 303; Kings County; New York,5748,2925,2823,Census Tract 303; Kings County; New York,5748,406,4409,Census Tract 303; Kings County; New York,5748,5115,633,36047030300
1400000US36047030400,Census Tract 304; Kings County; New York,65000,Census Tract 304; Kings County; New York,3924,2059,1865,Census Tract 304; Kings County; New York,3924,1478,111,Census Tract 304; Kings County; New York,3924,3145,779,36047030400
1400000US36047030500,Census Tract 305; Kings County; New York,124792,Census Tract 305; Kings County; New York,7181,3468,3713,Census Tract 305; Kings County; New York,7181,2759,2501,Census Tract 305; Kings County; New York,7181,5399,1782,36047030500
1400000US36047030600,Census Tract 306; Kings County; New York,70417,Census Tract 306; Kings County; New York,1953,956,997,Census Tract 306; Kings County; New York,1953,925,12,Census Tract 306; Kings County; New York,1953,1679,274,36047030600
1400000US36047030700,Census Tract 307; Kings County; New York,51134,Census Tract 307; Kings County; New York,6571,2626,3945,Census Tract 307; Kings County; New York,6571,820,4705,Census Tract 307; Kings County; New York,6571,5907,664,36047030700
1400000US36047030800,Census Tract 308; Kings County; New York,77500,Census Tract 308; Kings County; New York,1678,668,1010,Census Tract 308; Kings County; New York,1678,633,0,Census Tract 308; Kings County; New York,1678,1556,122,36047030800
1400000US36047030900,Census Tract 309; Kings County; New York,76278,Census Tract 309; Kings County; New York,2447,1169,1278,Census Tract 309; Kings County; New York,2447,173,1811,Census Tract 309; Kings County; New York,2447,1943,504,36047030900
1400000US36047031100,Census Tract 311; Kings County; New York,90250,Census Tract 311; Kings County; New York,3389,1417,1972,Census Tract 311; Kings County; New York,3389,685,1939,Census Tract 311; Kings County; New York,3389,3149,240,36047031100
1400000US36047031300,Census Tract 313; Kings County; New York,102782,Census Tract 313; Kings County; New York,4346,2240,2106,Census Tract 313; Kings County; New York,4346,914,2675,Census Tract 313; Kings County; New York,4346,4095,251,36047031300
1400000US36047031401,Census Tract 314.01; Kings County; New York,87411,Census Tract 314.01; Kings County; New York,4938,2382,2556,Census Tract 314.01; Kings County; New York,4938,2652,35,Census Tract 314.01; Kings County; New York,4938,4124,814,36047031401
1400000US36047031402,Census Tract 314.02; Kings County; New York,-,Census Tract 314.02; Kings County; New York,0,0,0,Census Tract 314.02; Kings County; New York,0,0,0,Census Tract 314.02; Kings County; New York,0,0,0,36047031402
1400000US36047031500,Census Tract 315; Kings County; New York,96461,Census Tract 315; Kings County; New York,5136,2129,3007,Census Tract 315; Kings County; New York,5136,1983,2331,Census Tract 315; Kings County; New York,5136,4650,486,36047031500
1400000US36047031701,Census Tract 317.01; Kings County; New York,94335,Census Tract 317.01; Kings County; New York,4150,1828,2322,Census Tract 317.01; Kings County; New York,4150,985,2591,Census Tract 317.01; Kings County; New York,4150,3867,283,36047031701
1400000US36047031702,Census Tract 317.02; Kings County; New York,112113,Census Tract 317.02; Kings County; New York,3812,1617,2195,Census Tract 317.02; Kings County; New York,3812,1344,1748,Census Tract 317.02; Kings County; New York,3812,3330,482,36047031702
1400000US36047031900,Census Tract 319; Kings County; New York,98201,Census Tract 319; Kings County; New York,3356,1669,1687,Census Tract 319; Kings County; New York,3356,1559,1509,Census Tract 319; Kings County; New York,3356,3154,202,36047031900
1400000US36047032100,Census Tract 321; Kings County; New York,67292,Census Tract 321; Kings County; New York,5140,2580,2560,Census Tract 321; Kings County; New York,5140,877,2465,Census Tract 321; Kings County; New York,5140,3639,1501,36047032100
1400000US36047032300,Census Tract 323; Kings County; New York,84015,Census Tract 323; Kings County; New York,3505,1682,1823,Census Tract 323; Kings County; New York,3505,825,2148,Census Tract 323; Kings County; New York,3505,2971,534,36047032300
1400000US36047032500,Census Tract 325; Kings County; New York,92274,Census Tract 325; Kings County; New York,6057,3231,2826,Census Tract 325; Kings County; New York,6057,1128,4224,Census Tract 325; Kings County; New York,6057,5760,297,36047032500
1400000US36047032600,Census Tract 326; Kings County; New York,48238,Census Tract 326; Kings County; New York,10085,4251,5834,Census Tract 326; Kings County; New York,10085,1509,4410,Census Tract 326; Kings County; New York,10085,7182,2903,36047032600
1400000US36047032700,Census Tract 327; Kings County; New York,71980,Census Tract 327; Kings County; New York,2701,1271,1430,Census Tract 327; Kings County; New York,2701,632,1589,Census Tract 327; Kings County; New York,2701,2344,357,36047032700
1400000US36047032800,Census Tract 328; Kings County; New York,47587,Census Tract 328; Kings County; New York,2751,1209,1542,Census Tract 328; Kings County; New York,2751,361,990,Census Tract 328; Kings County; New York,2751,2209,542,36047032800
1400000US36047032900,Census Tract 329; Kings County; New York,102868,Census Tract 329; Kings County; New York,5901,2351,3550,Census Tract 329; Kings County; New York,5901,2458,2749,Census Tract 329; Kings County; New York,5901,5617,284,36047032900
1400000US36047033000,Census Tract 330; Kings County; New York,19619,Census Tract 330; Kings County; New York,4283,1960,2323,Census Tract 330; Kings County; New York,4283,867,2072,Census Tract 330; Kings County; New York,4283,3225,1058,36047033000
1400000US36047033100,Census Tract 331; Kings County; New York,50293,Census Tract 331; Kings County; New York,4171,2304,1867,Census Tract 331; Kings County; New York,4171,1877,1999,Census Tract 331; Kings County; New York,4171,3914,257,36047033100
1400000US36047033300,Census Tract 333; Kings County; New York,62253,Census Tract 333; Kings County; New York,4779,2554,2225,Census Tract 333; Kings County; New York,4779,3663,687,Census Tract 333; Kings County; New York,4779,4463,316,36047033300
1400000US36047033500,Census Tract 335; Kings County; New York,92935,Census Tract 335; Kings County; New York,3522,1648,1874,Census Tract 335; Kings County; New York,3522,1775,1289,Census Tract 335; Kings County; New York,3522,3307,215,36047033500
1400000US36047033600,Census Tract 336; Kings County; New York,82798,Census Tract 336; Kings County; New York,4734,2379,2355,Census Tract 336; Kings County; New York,4734,3945,237,Census Tract 336; Kings County; New York,4734,4361,373,36047033600
1400000US36047033701,Census Tract 337.01; Kings County; New York,90083,Census Tract 337.01; Kings County; New York,2755,1175,1580,Census Tract 337.01; Kings County; New York,2755,1196,1031,Census Tract 337.01; Kings County; New York,2755,2321,434,36047033701
1400000US36047033702,Census Tract 337.02; Kings County; New York,84941,Census Tract 337.02; Kings County; New York,1847,835,1012,Census Tract 337.02; Kings County; New York,1847,1109,544,Census Tract 337.02; Kings County; New York,1847,1632,215,36047033702
1400000US36047033900,Census Tract 339; Kings County; New York,57475,Census Tract 339; Kings County; New York,4936,2013,2923,Census Tract 339; Kings County; New York,4936,927,2548,Census Tract 339; Kings County; New York,4936,4573,363,36047033900
1400000US36047034000,Census Tract 340; Kings County; New York,31413,Census Tract 340; Kings County; New York,2045,942,1103,Census Tract 340; Kings County; New York,2045,759,816,Census Tract 340; Kings County; New York,2045,1560,485,36047034000
1400000US36047034100,Census Tract 341; Kings County; New York,49638,Census Tract 341; Kings County; New York,2666,1298,1368,Census Tract 341; Kings County; New York,2666,693,1511,Census Tract 341; Kings County; New York,2666,2354,312,36047034100
1400000US36047034200,Census Tract 342; Kings County; New York,20120,Census Tract 342; Kings County; New York,6490,2740,3750,Census Tract 342; Kings County; New York,6490,2029,2321,Census Tract 342; Kings County; New York,6490,4427,2063,36047034200
1400000US36047034300,Census Tract 343; Kings County; New York,50417,Census Tract 343; Kings County; New York,4489,2179,2310,Census Tract 343; Kings County; New York,4489,596,2543,Census Tract 343; Kings County; New York,4489,3150,1339,36047034300
1400000US36047034500,Census Tract 345; Kings County; New York,57937,Census Tract 345; Kings County; New York,2669,1096,1573,Census Tract 345; Kings County; New York,2669,887,1425,Census Tract 345; Kings County; New York,2669,2488,181,36047034500
1400000US36047034700,Census Tract 347; Kings County; New York,52644,Census Tract 347; Kings County; New York,3157,1254,1903,Census Tract 347; Kings County; New York,3157,337,2427,Census Tract 347; Kings County; New York,3157,2859,298,36047034700
1400000US36047034800,Census Tract 348; Kings County; New York,53485,Census Tract 348; Kings County; New York,2852,1494,1358,Census Tract 348; Kings County; New York,2852,492,228,Census Tract 348; Kings County; New York,2852,1509,1343,36047034800
1400000US36047034901,Census Tract 349.01; Kings County; New York,65868,Census Tract 349.01; Kings County; New York,2339,1018,1321,Census Tract 349.01; Kings County; New York,2339,411,1324,Census Tract 349.01; Kings County; New York,2339,1620,719,36047034901
1400000US36047034902,Census Tract 349.02; Kings County; New York,46571,Census Tract 349.02; Kings County; New York,3499,1584,1915,Census Tract 349.02; Kings County; New York,3499,615,2732,Census Tract 349.02; Kings County; New York,3499,3163,336,36047034902
1400000US36047035000,Census Tract 350; Kings County; New York,54150,Census Tract 350; Kings County; New York,3082,1655,1427,Census Tract 350; Kings County; New York,3082,3082,0,Census Tract 350; Kings County; New York,3082,3079,3,36047035000
1400000US36047035101,Census Tract 351.01; Kings County; New York,52987,Census Tract 351.01; Kings County; New York,1805,761,1044,Census Tract 351.01; Kings County; New York,1805,157,1444,Census Tract 351.01; Kings County; New York,1805,1375,430,36047035101
1400000US36047035102,Census Tract 351.02; Kings County; New York,49688,Census Tract 351.02; Kings County; New York,3253,1484,1769,Census Tract 351.02; Kings County; New York,3253,513,2038,Census Tract 351.02; Kings County; New York,3253,2697,556,36047035102
1400000US36047035200,Census Tract 352; Kings County; New York,12170,Census Tract 352; Kings County; New York,1431,521,910,Census Tract 352; Kings County; New York,1431,953,356,Census Tract 352; Kings County; New York,1431,1352,79,36047035200
1400000US36047035301,Census Tract 353.01; Kings County; New York,49222,Census Tract 353.01; Kings County; New York,3002,1863,1139,Census Tract 353.01; Kings County; New York,3002,328,2346,Census Tract 353.01; Kings County; New York,3002,2667,335,36047035301
1400000US36047035302,Census Tract 353.02; Kings County; New York,84052,Census Tract 353.02; Kings County; New York,3189,1642,1547,Census Tract 353.02; Kings County; New York,3189,733,1990,Census Tract 353.02; Kings County; New York,3189,2643,546,36047035302
1400000US36047035400,Census Tract 354; Kings County; New York,50559,Census Tract 354; Kings County; New York,5366,2463,2903,Census Tract 354; Kings County; New York,5366,5165,16,Census Tract 354; Kings County; New York,5366,5265,101,36047035400
1400000US36047035500,Census Tract 355; Kings County; New York,75965,Census Tract 355; Kings County; New York,5515,2563,2952,Census Tract 355; Kings County; New York,5515,912,3819,Census Tract 355; Kings County; New York,5515,4828,687,36047035500
1400000US36047035601,Census Tract 356.01; Kings County; New York,31525,Census Tract 356.01; Kings County; New York,2640,1059,1581,Census Tract 356.01; Kings County; New York,2640,2470,35,Census Tract 356.01; Kings County; New York,2640,2589,51,36047035601
1400000US36047035602,Census Tract 356.02; Kings County; New York,58372,Census Tract 356.02; Kings County; New York,6721,3289,3432,Census Tract 356.02; Kings County; New York,6721,5662,81,Census Tract 356.02; Kings County; New York,6721,6477,244,36047035602
1400000US36047035701,Census Tract 357.01; Kings County; New York,49288,Census Tract 357.01; Kings County; New York,2657,1041,1616,Census Tract 357.01; Kings County; New York,2657,61,2062,Census Tract 357.01; Kings County; New York,2657,2285,372,36047035701
1400000US36047035702,Census Tract 357.02; Kings County; New York,-,Census Tract 357.02; Kings County; New York,0,0,0,Census Tract 357.02; Kings County; New York,0,0,0,Census Tract 357.02; Kings County; New York,0,0,0,36047035702
1400000US36047035900,Census Tract 359; Kings County; New York,66582,Census Tract 359; Kings County; New York,6665,2651,4014,Census Tract 359; Kings County; New York,6665,503,5106,Census Tract 359; Kings County; New York,6665,5902,763,36047035900
1400000US36047036001,Census Tract 360.01; Kings County; New York,32071,Census Tract 360.01; Kings County; New York,2972,1349,1623,Census Tract 360.01; Kings County; New York,2972,2482,21,Census Tract 360.01; Kings County; New York,2972,2884,88,36047036001
1400000US36047036002,Census Tract 360.02; Kings County; New York,25085,Census Tract 360.02; Kings County; New York,3777,1243,2534,Census Tract 360.02; Kings County; New York,3777,3076,93,Census Tract 360.02; Kings County; New York,3777,3756,21,36047036002
1400000US36047036100,Census Tract 361; Kings County; New York,26250,Census Tract 361; Kings County; New York,2902,1385,1517,Census Tract 361; Kings County; New York,2902,251,1883,Census Tract 361; Kings County; New York,2902,1977,925,36047036100
1400000US36047036200,Census Tract 362; Kings County; New York,52340,Census Tract 362; Kings County; New York,3343,1599,1744,Census Tract 362; Kings County; New York,3343,1766,81,Census Tract 362; Kings County; New York,3343,2851,492,36047036200
1400000US36047036300,Census Tract 363; Kings County; New York,45565,Census Tract 363; Kings County; New York,4909,2369,2540,Census Tract 363; Kings County; New York,4909,96,3852,Census Tract 363; Kings County; New York,4909,3933,976,36047036300
1400000US36047036400,Census Tract 364; Kings County; New York,59938,Census Tract 364; Kings County; New York,2298,1093,1205,Census Tract 364; Kings County; New York,2298,1389,9,Census Tract 364; Kings County; New York,2298,1854,444,36047036400
1400000US36047036501,Census Tract 365.01; Kings County; New York,63864,Census Tract 365.01; Kings County; New York,3467,1668,1799,Census Tract 365.01; Kings County; New York,3467,19,2658,Census Tract 365.01; Kings County; New York,3467,2822,645,36047036501
1400000US36047036502,Census Tract 365.02; Kings County; New York,62740,Census Tract 365.02; Kings County; New York,2014,1122,892,Census Tract 365.02; Kings County; New York,2014,90,1165,Census Tract 365.02; Kings County; New York,2014,971,1043,36047036502
1400000US36047036600,Census Tract 366; Kings County; New York,48278,Census Tract 366; Kings County; New York,4369,2352,2017,Census Tract 366; Kings County; New York,4369,1810,171,Census Tract 366; Kings County; New York,4369,3416,953,36047036600
1400000US36047036700,Census Tract 367; Kings County; New York,68438,Census Tract 367; Kings County; New York,1982,1086,896,Census Tract 367; Kings County; New York,1982,625,778,Census Tract 367; Kings County; New York,1982,1016,966,36047036700
1400000US36047036900,Census Tract 369; Kings County; New York,39513,Census Tract 369; Kings County; New York,5310,2536,2774,Census Tract 369; Kings County; New York,5310,832,2634,Census Tract 369; Kings County; New York,5310,3823,1487,36047036900
1400000US36047037000,Census Tract 370; Kings County; New York,82500,Census Tract 370; Kings County; New York,4112,1978,2134,Census Tract 370; Kings County; New York,4112,2600,40,Census Tract 370; Kings County; New York,4112,3786,326,36047037000
1400000US36047037100,Census Tract 371; Kings County; New York,91285,Census Tract 371; Kings County; New York,4723,2375,2348,Census Tract 371; Kings County; New York,4723,603,3645,Census Tract 371; Kings County; New York,4723,4280,443,36047037100
1400000US36047037300,Census Tract 373; Kings County; New York,81220,Census Tract 373; Kings County; New York,5258,2179,3079,Census Tract 373; Kings County; New York,5258,928,3041,Census Tract 373; Kings County; New York,5258,4466,792,36047037300
1400000US36047037401,Census Tract 374.01; Kings County; New York,58560,Census Tract 374.01; Kings County; New York,4646,2298,2348,Census Tract 374.01; Kings County; New York,4646,3331,149,Census Tract 374.01; Kings County; New York,4646,4233,413,36047037401
1400000US36047037402,Census Tract 374.02; Kings County; New York,62857,Census Tract 374.02; Kings County; New York,5449,2504,2945,Census Tract 374.02; Kings County; New York,5449,3375,272,Census Tract 374.02; Kings County; New York,5449,4741,708,36047037402
1400000US36047037500,Census Tract 375; Kings County; New York,92955,Census Tract 375; Kings County; New York,3643,1915,1728,Census Tract 375; Kings County; New York,3643,590,1905,Census Tract 375; Kings County; New York,3643,2627,1016,36047037500
1400000US36047037700,Census Tract 377; Kings County; New York,66302,Census Tract 377; Kings County; New York,4893,2090,2803,Census Tract 377; Kings County; New York,4893,1215,2971,Census Tract 377; Kings County; New York,4893,4219,674,36047037700
1400000US36047037900,Census Tract 379; Kings County; New York,59333,Census Tract 379; Kings County; New York,4834,2095,2739,Census Tract 379; Kings County; New York,4834,339,4003,Census Tract 379; Kings County; New York,4834,4504,330,36047037900
1400000US36047038100,Census Tract 381; Kings County; New York,68790,Census Tract 381; Kings County; New York,5624,2664,2960,Census Tract 381; Kings County; New York,5624,1017,3796,Census Tract 381; Kings County; New York,5624,4443,1181,36047038100
1400000US36047038200,Census Tract 382; Kings County; New York,24170,Census Tract 382; Kings County; New York,5261,2189,3072,Census Tract 382; Kings County; New York,5261,695,2687,Census Tract 382; Kings County; New York,5261,4088,1173,36047038200
1400000US36047038300,Census Tract 383; Kings County; New York,85254,Census Tract 383; Kings County; New York,5456,2677,2779,Census Tract 383; Kings County; New York,5456,783,3003,Census Tract 383; Kings County; New York,5456,4342,1114,36047038300
1400000US36047038500,Census Tract 385; Kings County; New York,96602,Census Tract 385; Kings County; New York,3895,1921,1974,Census Tract 385; Kings County; New York,3895,1150,1709,Census Tract 385; Kings County; New York,3895,3468,427,36047038500
1400000US36047038600,Census Tract 386; Kings County; New York,74886,Census Tract 386; Kings County; New York,3102,1361,1741,Census Tract 386; Kings County; New York,3102,1339,19,Census Tract 386; Kings County; New York,3102,2603,499,36047038600
1400000US36047038700,Census Tract 387; Kings County; New York,79550,Census Tract 387; Kings County; New York,4830,2437,2393,Census Tract 387; Kings County; New York,4830,884,2535,Census Tract 387; Kings County; New York,4830,4268,562,36047038700
1400000US36047038800,Census Tract 388; Kings County; New York,94612,Census Tract 388; Kings County; New York,4999,2424,2575,Census Tract 388; Kings County; New York,4999,3922,266,Census Tract 388; Kings County; New York,4999,4445,554,36047038800
1400000US36047038900,Census Tract 389; Kings County; New York,95330,Census Tract 389; Kings County; New York,2829,1518,1311,Census Tract 389; Kings County; New York,2829,1406,219,Census Tract 389; Kings County; New York,2829,1655,1174,36047038900
1400000US36047039000,Census Tract 390; Kings County; New York,79682,Census Tract 390; Kings County; New York,2672,1307,1365,Census Tract 390; Kings County; New York,2672,2379,0,Census Tract 390; Kings County; New York,2672,2479,193,36047039000
1400000US36047039100,Census Tract 391; Kings County; New York,101785,Census Tract 391; Kings County; New York,5243,2683,2560,Census Tract 391; Kings County; New York,5243,1812,275,Census Tract 391; Kings County; New York,5243,2677,2566,36047039100
1400000US36047039200,Census Tract 392; Kings County; New York,56375,Census Tract 392; Kings County; New York,3441,1802,1639,Census Tract 392; Kings County; New York,3441,2500,344,Census Tract 392; Kings County; New York,3441,2907,534,36047039200
1400000US36047039300,Census Tract 393; Kings County; New York,115435,Census Tract 393; Kings County; New York,3868,2022,1846,Census Tract 393; Kings County; New York,3868,1207,854,Census Tract 393; Kings County; New York,3868,2355,1513,36047039300
1400000US36047039400,Census Tract 394; Kings County; New York,40833,Census Tract 394; Kings County; New York,2076,1207,869,Census Tract 394; Kings County; New York,2076,1818,8,Census Tract 394; Kings County; New York,2076,1920,156,36047039400
1400000US36047039500,Census Tract 395; Kings County; New York,82875,Census Tract 395; Kings County; New York,3845,1624,2221,Census Tract 395; Kings County; New York,3845,1426,1156,Census Tract 395; Kings County; New York,3845,2641,1204,36047039500
1400000US36047039600,Census Tract 396; Kings County; New York,86500,Census Tract 396; Kings County; New York,1987,980,1007,Census Tract 396; Kings County; New York,1987,1559,137,Census Tract 396; Kings County; New York,1987,1773,214,36047039600
1400000US36047039700,Census Tract 397; Kings County; New York,85486,Census Tract 397; Kings County; New York,3316,1477,1839,Census Tract 397; Kings County; New York,3316,964,1333,Census Tract 397; Kings County; New York,3316,2391,925,36047039700
1400000US36047039800,Census Tract 398; Kings County; New York,87245,Census Tract 398; Kings County; New York,2855,1373,1482,Census Tract 398; Kings County; New York,2855,888,0,Census Tract 398; Kings County; New York,2855,2430,425,36047039800
1400000US36047039900,Census Tract 399; Kings County; New York,50592,Census Tract 399; Kings County; New York,4164,1900,2264,Census Tract 399; Kings County; New York,4164,552,1741,Census Tract 399; Kings County; New York,4164,2081,2083,36047039900
1400000US36047040000,Census Tract 400; Kings County; New York,51307,Census Tract 400; Kings County; New York,2192,881,1311,Census Tract 400; Kings County; New York,2192,757,31,Census Tract 400; Kings County; New York,2192,2080,112,36047040000
1400000US36047040100,Census Tract 401; Kings County; New York,76250,Census Tract 401; Kings County; New York,3552,1673,1879,Census Tract 401; Kings County; New York,3552,1246,1062,Census Tract 401; Kings County; New York,3552,2175,1377,36047040100
1400000US36047040200,Census Tract 402; Kings County; New York,70486,Census Tract 402; Kings County; New York,2570,1390,1180,Census Tract 402; Kings County; New York,2570,560,0,Census Tract 402; Kings County; New York,2570,2220,350,36047040200
1400000US36047040300,Census Tract 403; Kings County; New York,90773,Census Tract 403; Kings County; New York,4086,1789,2297,Census Tract 403; Kings County; New York,4086,1317,2125,Census Tract 403; Kings County; New York,4086,3148,938,36047040300
1400000US36047040400,Census Tract 404; Kings County; New York,100833,Census Tract 404; Kings County; New York,2615,1316,1299,Census Tract 404; Kings County; New York,2615,846,46,Census Tract 404; Kings County; New York,2615,2301,314,36047040400
1400000US36047040500,Census Tract 405; Kings County; New York,70091,Census Tract 405; Kings County; New York,1403,766,637,Census Tract 405; Kings County; New York,1403,478,595,Census Tract 405; Kings County; New York,1403,844,559,36047040500
1400000US36047040600,Census Tract 406; Kings County; New York,77763,Census Tract 406; Kings County; New York,3924,1661,2263,Census Tract 406; Kings County; New York,3924,1344,59,Census Tract 406; Kings County; New York,3924,3432,492,36047040600
1400000US36047040700,Census Tract 407; Kings County; New York,-,Census Tract 407; Kings County; New York,0,0,0,Census Tract 407; Kings County; New York,0,0,0,Census Tract 407; Kings County; New York,0,0,0,36047040700
1400000US36047040800,Census Tract 408; Kings County; New York,92739,Census Tract 408; Kings County; New York,3724,1730,1994,Census Tract 408; Kings County; New York,3724,1117,87,Census Tract 408; Kings County; New York,3724,3077,647,36047040800
1400000US36047040900,Census Tract 409; Kings County; New York,66864,Census Tract 409; Kings County; New York,3858,1882,1976,Census Tract 409; Kings County; New York,3858,962,594,Census Tract 409; Kings County; New York,3858,1672,2186,36047040900
1400000US36047041000,Census Tract 410; Kings County; New York,75288,Census Tract 410; Kings County; New York,1650,822,828,Census Tract 410; Kings County; New York,1650,1043,13,Census Tract 410; Kings County; New York,1650,1541,109,36047041000
1400000US36047041100,Census Tract 411; Kings County; New York,80169,Census Tract 411; Kings County; New York,3001,1239,1762,Census Tract 411; Kings County; New York,3001,797,656,Census Tract 411; Kings County; New York,3001,1869,1132,36047041100
1400000US36047041200,Census Tract 412; Kings County; New York,98056,Census Tract 412; Kings County; New York,3164,1500,1664,Census Tract 412; Kings County; New York,3164,1681,0,Census Tract 412; Kings County; New York,3164,2981,183,36047041200
1400000US36047041300,Census Tract 413; Kings County; New York,107131,Census Tract 413; Kings County; New York,3620,1714,1906,Census Tract 413; Kings County; New York,3620,1124,1096,Census Tract 413; Kings County; New York,3620,2165,1455,36047041300
1400000US36047041401,Census Tract 414.01; Kings County; New York,58750,Census Tract 414.01; Kings County; New York,1182,565,617,Census Tract 414.01; Kings County; New York,1182,901,59,Census Tract 414.01; Kings County; New York,1182,993,189,36047041401
1400000US36047041402,Census Tract 414.02; Kings County; New York,56579,Census Tract 414.02; Kings County; New York,2111,971,1140,Census Tract 414.02; Kings County; New York,2111,1365,89,Census Tract 414.02; Kings County; New York,2111,1880,231,36047041402
1400000US36047041500,Census Tract 415; Kings County; New York,94470,Census Tract 415; Kings County; New York,4291,1969,2322,Census Tract 415; Kings County; New York,4291,985,1628,Census Tract 415; Kings County; New York,4291,2607,1684,36047041500
1400000US36047041600,Census Tract 416; Kings County; New York,67679,Census Tract 416; Kings County; New York,2105,978,1127,Census Tract 416; Kings County; New York,2105,1310,37,Census Tract 416; Kings County; New York,2105,1763,342,36047041600
1400000US36047041700,Census Tract 417; Kings County; New York,33981,Census Tract 417; Kings County; New York,3390,1587,1803,Census Tract 417; Kings County; New York,3390,431,885,Census Tract 417; Kings County; New York,3390,1224,2166,36047041700
1400000US36047041800,Census Tract 418; Kings County; New York,60833,Census Tract 418; Kings County; New York,2790,1478,1312,Census Tract 418; Kings County; New York,2790,2375,6,Census Tract 418; Kings County; New York,2790,2658,132,36047041800
1400000US36047041900,Census Tract 419; Kings County; New York,65046,Census Tract 419; Kings County; New York,3417,1131,2286,Census Tract 419; Kings County; New York,3417,604,1133,Census Tract 419; Kings County; New York,3417,1506,1911,36047041900
1400000US36047042000,Census Tract 420; Kings County; New York,85332,Census Tract 420; Kings County; New York,1727,877,850,Census Tract 420; Kings County; New York,1727,1427,16,Census Tract 420; Kings County; New York,1727,1519,208,36047042000
1400000US36047042100,Census Tract 421; Kings County; New York,92635,Census Tract 421; Kings County; New York,4089,2180,1909,Census Tract 421; Kings County; New York,4089,1055,630,Census Tract 421; Kings County; New York,4089,2072,2017,36047042100
1400000US36047042200,Census Tract 422; Kings County; New York,68684,Census Tract 422; Kings County; New York,3102,1695,1407,Census Tract 422; Kings County; New York,3102,1695,42,Census Tract 422; Kings County; New York,3102,2340,762,36047042200
1400000US36047042300,Census Tract 423; Kings County; New York,113750,Census Tract 423; Kings County; New York,4331,2025,2306,Census Tract 423; Kings County; New York,4331,1663,535,Census Tract 423; Kings County; New York,4331,2177,2154,36047042300
1400000US36047042400,Census Tract 424; Kings County; New York,70585,Census Tract 424; Kings County; New York,3403,1575,1828,Census Tract 424; Kings County; New York,3403,1340,105,Census Tract 424; Kings County; New York,3403,3066,337,36047042400
1400000US36047042500,Census Tract 425; Kings County; New York,90392,Census Tract 425; Kings County; New York,2913,1680,1233,Census Tract 425; Kings County; New York,2913,944,291,Census Tract 425; Kings County; New York,2913,1078,1835,36047042500
1400000US36047042600,Census Tract 426; Kings County; New York,62219,Census Tract 426; Kings County; New York,4410,2155,2255,Census Tract 426; Kings County; New York,4410,1781,33,Census Tract 426; Kings County; New York,4410,3404,1006,36047042600
1400000US36047042700,Census Tract 427; Kings County; New York,84779,Census Tract 427; Kings County; New York,4215,2558,1657,Census Tract 427; Kings County; New York,4215,2019,259,Census Tract 427; Kings County; New York,4215,2567,1648,36047042700
1400000US36047042800,Census Tract 428; Kings County; New York,85625,Census Tract 428; Kings County; New York,3852,1908,1944,Census Tract 428; Kings County; New York,3852,1863,77,Census Tract 428; Kings County; New York,3852,3513,339,36047042800
1400000US36047042900,Census Tract 429; Kings County; New York,66250,Census Tract 429; Kings County; New York,5074,2355,2719,Census Tract 429; Kings County; New York,5074,1219,779,Census Tract 429; Kings County; New York,5074,1978,3096,36047042900
1400000US36047043000,Census Tract 430; Kings County; New York,57487,Census Tract 430; Kings County; New York,3668,1930,1738,Census Tract 430; Kings County; New York,3668,1647,5,Census Tract 430; Kings County; New York,3668,2998,670,36047043000
1400000US36047043100,Census Tract 431; Kings County; New York,89548,Census Tract 431; Kings County; New York,4023,1920,2103,Census Tract 431; Kings County; New York,4023,1739,389,Census Tract 431; Kings County; New York,4023,2427,1596,36047043100
1400000US36047043200,Census Tract 432; Kings County; New York,88088,Census Tract 432; Kings County; New York,4098,2024,2074,Census Tract 432; Kings County; New York,4098,1440,48,Census Tract 432; Kings County; New York,4098,3479,619,36047043200
1400000US36047043300,Census Tract 433; Kings County; New York,44975,Census Tract 433; Kings County; New York,3621,1738,1883,Census Tract 433; Kings County; New York,3621,317,1086,Census Tract 433; Kings County; New York,3621,1661,1960,36047043300
1400000US36047043400,Census Tract 434; Kings County; New York,68333,Census Tract 434; Kings County; New York,4061,1878,2183,Census Tract 434; Kings County; New York,4061,1768,0,Census Tract 434; Kings County; New York,4061,3497,564,36047043400
1400000US36047043500,Census Tract 435; Kings County; New York,86367,Census Tract 435; Kings County; New York,4971,2352,2619,Census Tract 435; Kings County; New York,4971,984,806,Census Tract 435; Kings County; New York,4971,1853,3118,36047043500
1400000US36047043600,Census Tract 436; Kings County; New York,79464,Census Tract 436; Kings County; New York,4591,2191,2400,Census Tract 436; Kings County; New York,4591,1827,88,Census Tract 436; Kings County; New York,4591,3743,848,36047043600
1400000US36047043700,Census Tract 437; Kings County; New York,62054,Census Tract 437; Kings County; New York,5228,3015,2213,Census Tract 437; Kings County; New York,5228,1079,813,Census Tract 437; Kings County; New York,5228,1881,3347,36047043700
1400000US36047043800,Census Tract 438; Kings County; New York,74808,Census Tract 438; Kings County; New York,2383,1173,1210,Census Tract 438; Kings County; New York,2383,1568,74,Census Tract 438; Kings County; New York,2383,2033,350,36047043800
1400000US36047043900,Census Tract 439; Kings County; New York,91742,Census Tract 439; Kings County; New York,4045,1868,2177,Census Tract 439; Kings County; New York,4045,587,705,Census Tract 439; Kings County; New York,4045,1533,2512,36047043900
1400000US36047044000,Census Tract 440; Kings County; New York,89831,Census Tract 440; Kings County; New York,2646,1356,1290,Census Tract 440; Kings County; New York,2646,2051,25,Census Tract 440; Kings County; New York,2646,2193,453,36047044000
1400000US36047044100,Census Tract 441; Kings County; New York,66866,Census Tract 441; Kings County; New York,4884,2749,2135,Census Tract 441; Kings County; New York,4884,1521,428,Census Tract 441; Kings County; New York,4884,1576,3308,36047044100
1400000US36047044200,Census Tract 442; Kings County; New York,72857,Census Tract 442; Kings County; New York,2379,1165,1214,Census Tract 442; Kings County; New York,2379,2305,12,Census Tract 442; Kings County; New York,2379,2328,51,36047044200
1400000US36047044300,Census Tract 443; Kings County; New York,91908,Census Tract 443; Kings County; New York,4272,1992,2280,Census Tract 443; Kings County; New York,4272,2152,148,Census Tract 443; Kings County; New York,4272,2229,2043,36047044300
1400000US36047044400,Census Tract 444; Kings County; New York,71929,Census Tract 444; Kings County; New York,3084,1559,1525,Census Tract 444; Kings County; New York,3084,2517,146,Census Tract 444; Kings County; New York,3084,2637,447,36047044400
1400000US36047044500,Census Tract 445; Kings County; New York,85741,Census Tract 445; Kings County; New York,3956,1900,2056,Census Tract 445; Kings County; New York,3956,1181,228,Census Tract 445; Kings County; New York,3956,1705,2251,36047044500
1400000US36047044600,Census Tract 446; Kings County; New York,65037,Census Tract 446; Kings County; New York,2034,1095,939,Census Tract 446; Kings County; New York,2034,796,21,Census Tract 446; Kings County; New York,2034,1622,412,36047044600
1400000US36047044700,Census Tract 447; Kings County; New York,90774,Census Tract 447; Kings County; New York,2470,1157,1313,Census Tract 447; Kings County; New York,2470,1202,389,Census Tract 447; Kings County; New York,2470,1604,866,36047044700
1400000US36047044800,Census Tract 448; Kings County; New York,86932,Census Tract 448; Kings County; New York,1787,884,903,Census Tract 448; Kings County; New York,1787,1521,7,Census Tract 448; Kings County; New York,1787,1700,87,36047044800
1400000US36047044901,Census Tract 449.01; Kings County; New York,61451,Census Tract 449.01; Kings County; New York,2567,1323,1244,Census Tract 449.01; Kings County; New York,2567,478,1449,Census Tract 449.01; Kings County; New York,2567,1961,606,36047044901
1400000US36047044902,Census Tract 449.02; Kings County; New York,-,Census Tract 449.02; Kings County; New York,0,0,0,Census Tract 449.02; Kings County; New York,0,0,0,Census Tract 449.02; Kings County; New York,0,0,0,36047044902
1400000US36047045000,Census Tract 450; Kings County; New York,88558,Census Tract 450; Kings County; New York,863,389,474,Census Tract 450; Kings County; New York,863,654,9,Census Tract 450; Kings County; New York,863,754,109,36047045000
1400000US36047045200,Census Tract 452; Kings County; New York,74236,Census Tract 452; Kings County; New York,2640,1421,1219,Census Tract 452; Kings County; New York,2640,2160,64,Census Tract 452; Kings County; New York,2640,2555,85,36047045200
1400000US36047045300,Census Tract 453; Kings County; New York,66856,Census Tract 453; Kings County; New York,1938,1239,699,Census Tract 453; Kings County; New York,1938,730,554,Census Tract 453; Kings County; New York,1938,1347,591,36047045300
1400000US36047045400,Census Tract 454; Kings County; New York,90859,Census Tract 454; Kings County; New York,1951,1116,835,Census Tract 454; Kings County; New York,1951,1115,409,Census Tract 454; Kings County; New York,1951,1567,384,36047045400
1400000US36047045600,Census Tract 456; Kings County; New York,76047,Census Tract 456; Kings County; New York,2245,953,1292,Census Tract 456; Kings County; New York,2245,1131,20,Census Tract 456; Kings County; New York,2245,1743,502,36047045600
1400000US36047045800,Census Tract 458; Kings County; New York,68393,Census Tract 458; Kings County; New York,1132,552,580,Census Tract 458; Kings County; New York,1132,1097,10,Census Tract 458; Kings County; New York,1132,1123,9,36047045800
1400000US36047046000,Census Tract 460; Kings County; New York,105900,Census Tract 460; Kings County; New York,3335,1616,1719,Census Tract 460; Kings County; New York,3335,1529,137,Census Tract 460; Kings County; New York,3335,2573,762,36047046000
1400000US36047046201,Census Tract 462.01; Kings County; New York,43711,Census Tract 462.01; Kings County; New York,2575,1119,1456,Census Tract 462.01; Kings County; New York,2575,2049,1,Census Tract 462.01; Kings County; New York,2575,2470,105,36047046201
1400000US36047046202,Census Tract 462.02; Kings County; New York,91328,Census Tract 462.02; Kings County; New York,1847,958,889,Census Tract 462.02; Kings County; New York,1847,1515,33,Census Tract 462.02; Kings County; New York,1847,1779,68,36047046202
1400000US36047046400,Census Tract 464; Kings County; New York,68315,Census Tract 464; Kings County; New York,2768,1556,1212,Census Tract 464; Kings County; New York,2768,2488,13,Census Tract 464; Kings County; New York,2768,2661,107,36047046400
1400000US36047046800,Census Tract 468; Kings County; New York,40250,Census Tract 468; Kings County; New York,2215,1240,975,Census Tract 468; Kings County; New York,2215,2206,5,Census Tract 468; Kings County; New York,2215,2211,4,36047046800
1400000US36047047000,Census Tract 470; Kings County; New York,67303,Census Tract 470; Kings County; New York,2486,1201,1285,Census Tract 470; Kings County; New York,2486,2233,2,Census Tract 470; Kings County; New York,2486,2442,44,36047047000
1400000US36047047200,Census Tract 472; Kings County; New York,72153,Census Tract 472; Kings County; New York,2958,1402,1556,Census Tract 472; Kings County; New York,2958,2668,20,Census Tract 472; Kings County; New York,2958,2932,26,36047047200
1400000US36047047400,Census Tract 474; Kings County; New York,64625,Census Tract 474; Kings County; New York,2974,1561,1413,Census Tract 474; Kings County; New York,2974,2585,5,Census Tract 474; Kings County; New York,2974,2845,129,36047047400
1400000US36047047600,Census Tract 476; Kings County; New York,75026,Census Tract 476; Kings County; New York,3839,1677,2162,Census Tract 476; Kings County; New York,3839,3469,137,Census Tract 476; Kings County; New York,3839,3828,11,36047047600
1400000US36047047700,Census Tract 477; Kings County; New York,174977,Census Tract 477; Kings County; New York,4102,2052,2050,Census Tract 477; Kings County; New York,4102,3109,34,Census Tract 477; Kings County; New York,4102,3747,355,36047047700
1400000US36047047800,Census Tract 478; Kings County; New York,57591,Census Tract 478; Kings County; New York,5164,2322,2842,Census Tract 478; Kings County; New York,5164,4308,90,Census Tract 478; Kings County; New York,5164,4831,333,36047047800
1400000US36047048000,Census Tract 480; Kings County; New York,43074,Census Tract 480; Kings County; New York,3534,1873,1661,Census Tract 480; Kings County; New York,3534,2024,68,Census Tract 480; Kings County; New York,3534,2669,865,36047048000
1400000US36047048100,Census Tract 481; Kings County; New York,96031,Census Tract 481; Kings County; New York,2902,1313,1589,Census Tract 481; Kings County; New York,2902,1455,69,Census Tract 481; Kings County; New York,2902,1759,1143,36047048100
1400000US36047048200,Census Tract 482; Kings County; New York,58071,Census Tract 482; Kings County; New York,5455,2635,2820,Census Tract 482; Kings County; New York,5455,2982,345,Census Tract 482; Kings County; New York,5455,3988,1467,36047048200
1400000US36047048400,Census Tract 484; Kings County; New York,86908,Census Tract 484; Kings County; New York,5371,2780,2591,Census Tract 484; Kings County; New York,5371,3342,655,Census Tract 484; Kings County; New York,5371,4559,812,36047048400
1400000US36047048500,Census Tract 485; Kings County; New York,125417,Census Tract 485; Kings County; New York,2371,1249,1122,Census Tract 485; Kings County; New York,2371,1390,244,Census Tract 485; Kings County; New York,2371,1515,856,36047048500
1400000US36047048600,Census Tract 486; Kings County; New York,61281,Census Tract 486; Kings County; New York,3200,1541,1659,Census Tract 486; Kings County; New York,3200,479,662,Census Tract 486; Kings County; New York,3200,2540,660,36047048600
1400000US36047048800,Census Tract 488; Kings County; New York,74012,Census Tract 488; Kings County; New York,4054,1926,2128,Census Tract 488; Kings County; New York,4054,2135,461,Census Tract 488; Kings County; New York,4054,3678,376,36047048800
1400000US36047048900,Census Tract 489; Kings County; New York,33102,Census Tract 489; Kings County; New York,3228,1142,2086,Census Tract 489; Kings County; New York,3228,477,1398,Census Tract 489; Kings County; New York,3228,1343,1885,36047048900
1400000US36047049000,Census Tract 490; Kings County; New York,73988,Census Tract 490; Kings County; New York,5266,2525,2741,Census Tract 490; Kings County; New York,5266,1855,109,Census Tract 490; Kings County; New York,5266,4299,967,36047049000
1400000US36047049100,Census Tract 491; Kings County; New York,46933,Census Tract 491; Kings County; New York,7170,3357,3813,Census Tract 491; Kings County; New York,7170,2240,1187,Census Tract 491; Kings County; New York,7170,4582,2588,36047049100
1400000US36047049200,Census Tract 492; Kings County; New York,111964,Census Tract 492; Kings County; New York,2759,1480,1279,Census Tract 492; Kings County; New York,2759,1118,499,Census Tract 492; Kings County; New York,2759,2355,404,36047049200
1400000US36047049301,Census Tract 493.01; Kings County; New York,22521,Census Tract 493.01; Kings County; New York,2169,821,1348,Census Tract 493.01; Kings County; New York,2169,380,713,Census Tract 493.01; Kings County; New York,2169,588,1581,36047049301
1400000US36047049302,Census Tract 493.02; Kings County; New York,71328,Census Tract 493.02; Kings County; New York,4691,1928,2763,Census Tract 493.02; Kings County; New York,4691,1488,448,Census Tract 493.02; Kings County; New York,4691,1802,2889,36047049302
1400000US36047049400,Census Tract 494; Kings County; New York,100878,Census Tract 494; Kings County; New York,5512,3067,2445,Census Tract 494; Kings County; New York,5512,2729,576,Census Tract 494; Kings County; New York,5512,4523,989,36047049400
1400000US36047049500,Census Tract 495; Kings County; New York,96875,Census Tract 495; Kings County; New York,2939,1242,1697,Census Tract 495; Kings County; New York,2939,1577,369,Census Tract 495; Kings County; New York,2939,2125,814,36047049500
1400000US36047049600,Census Tract 496; Kings County; New York,79213,Census Tract 496; Kings County; New York,4006,2394,1612,Census Tract 496; Kings County; New York,4006,1941,69,Census Tract 496; Kings County; New York,4006,2939,1067,36047049600
1400000US36047049700,Census Tract 497; Kings County; New York,142054,Census Tract 497; Kings County; New York,3290,1650,1640,Census Tract 497; Kings County; New York,3290,2419,132,Census Tract 497; Kings County; New York,3290,2607,683,36047049700
1400000US36047049800,Census Tract 498; Kings County; New York,79632,Census Tract 498; Kings County; New York,4163,2246,1917,Census Tract 498; Kings County; New York,4163,1327,236,Census Tract 498; Kings County; New York,4163,3383,780,36047049800
1400000US36047049900,Census Tract 499; Kings County; New York,112321,Census Tract 499; Kings County; New York,2285,1139,1146,Census Tract 499; Kings County; New York,2285,1619,95,Census Tract 499; Kings County; New York,2285,2192,93,36047049900
1400000US36047050001,Census Tract 500.01; Kings County; New York,120787,Census Tract 500.01; Kings County; New York,2279,1134,1145,Census Tract 500.01; Kings County; New York,2279,1431,148,Census Tract 500.01; Kings County; New York,2279,2019,260,36047050001
1400000US36047050002,Census Tract 500.02; Kings County; New York,167604,Census Tract 500.02; Kings County; New York,1726,830,896,Census Tract 500.02; Kings County; New York,1726,1030,141,Census Tract 500.02; Kings County; New York,1726,1301,425,36047050002
1400000US36047050100,Census Tract 501; Kings County; New York,132159,Census Tract 501; Kings County; New York,3089,1491,1598,Census Tract 501; Kings County; New York,3089,1939,113,Census Tract 501; Kings County; New York,3089,2389,700,36047050100
1400000US36047050202,Census Tract 502.02; Kings County; New York,96310,Census Tract 502.02; Kings County; New York,2281,1062,1219,Census Tract 502.02; Kings County; New York,2281,1716,57,Census Tract 502.02; Kings County; New York,2281,2007,274,36047050202
1400000US36047050300,Census Tract 503; Kings County; New York,168029,Census Tract 503; Kings County; New York,3044,1717,1327,Census Tract 503; Kings County; New York,3044,2089,51,Census Tract 503; Kings County; New York,3044,2203,841,36047050300
1400000US36047050401,Census Tract 504.01; Kings County; New York,152739,Census Tract 504.01; Kings County; New York,2824,1358,1466,Census Tract 504.01; Kings County; New York,2824,1962,280,Census Tract 504.01; Kings County; New York,2824,2575,249,36047050401
1400000US36047050402,Census Tract 504.02; Kings County; New York,171681,Census Tract 504.02; Kings County; New York,1935,991,944,Census Tract 504.02; Kings County; New York,1935,1192,493,Census Tract 504.02; Kings County; New York,1935,1808,127,36047050402
1400000US36047050500,Census Tract 505; Kings County; New York,82541,Census Tract 505; Kings County; New York,4284,2014,2270,Census Tract 505; Kings County; New York,4284,1250,1132,Census Tract 505; Kings County; New York,4284,2307,1977,36047050500
1400000US36047050600,Census Tract 506; Kings County; New York,69977,Census Tract 506; Kings County; New York,5675,2721,2954,Census Tract 506; Kings County; New York,5675,1724,1546,Census Tract 506; Kings County; New York,5675,4178,1497,36047050600
1400000US36047050700,Census Tract 507; Kings County; New York,58125,Census Tract 507; Kings County; New York,3869,2152,1717,Census Tract 507; Kings County; New York,3869,3545,21,Census Tract 507; Kings County; New York,3869,3538,331,36047050700
1400000US36047050801,Census Tract 508.01; Kings County; New York,69446,Census Tract 508.01; Kings County; New York,3718,1624,2094,Census Tract 508.01; Kings County; New York,3718,351,2053,Census Tract 508.01; Kings County; New York,3718,2796,922,36047050801
1400000US36047050803,Census Tract 508.03; Kings County; New York,79242,Census Tract 508.03; Kings County; New York,2608,1460,1148,Census Tract 508.03; Kings County; New York,2608,777,1271,Census Tract 508.03; Kings County; New York,2608,2020,588,36047050803
1400000US36047050804,Census Tract 508.04; Kings County; New York,108871,Census Tract 508.04; Kings County; New York,6765,3290,3475,Census Tract 508.04; Kings County; New York,6765,2212,3204,Census Tract 508.04; Kings County; New York,6765,5528,1237,36047050804
1400000US36047050900,Census Tract 509; Kings County; New York,40598,Census Tract 509; Kings County; New York,5473,3031,2442,Census Tract 509; Kings County; New York,5473,4570,0,Census Tract 509; Kings County; New York,5473,5015,458,36047050900
1400000US36047051001,Census Tract 510.01; Kings County; New York,58877,Census Tract 510.01; Kings County; New York,4652,2286,2366,Census Tract 510.01; Kings County; New York,4652,247,3543,Census Tract 510.01; Kings County; New York,4652,4089,563,36047051001
1400000US36047051002,Census Tract 510.02; Kings County; New York,64128,Census Tract 510.02; Kings County; New York,4028,2018,2010,Census Tract 510.02; Kings County; New York,4028,532,2380,Census Tract 510.02; Kings County; New York,4028,3350,678,36047051002
1400000US36047051100,Census Tract 511; Kings County; New York,85383,Census Tract 511; Kings County; New York,3922,2012,1910,Census Tract 511; Kings County; New York,3922,1624,86,Census Tract 511; Kings County; New York,3922,2368,1554,36047051100
1400000US36047051200,Census Tract 512; Kings County; New York,82240,Census Tract 512; Kings County; New York,5991,2822,3169,Census Tract 512; Kings County; New York,5991,1180,3218,Census Tract 512; Kings County; New York,5991,4740,1251,36047051200
1400000US36047051300,Census Tract 513; Kings County; New York,133132,Census Tract 513; Kings County; New York,5628,2686,2942,Census Tract 513; Kings County; New York,5628,2811,373,Census Tract 513; Kings County; New York,5628,3336,2292,36047051300
1400000US36047051400,Census Tract 514; Kings County; New York,88929,Census Tract 514; Kings County; New York,7214,3449,3765,Census Tract 514; Kings County; New York,7214,1333,3290,Census Tract 514; Kings County; New York,7214,4915,2299,36047051400
1400000US36047051500,Census Tract 515; Kings County; New York,226450,Census Tract 515; Kings County; New York,2839,1552,1287,Census Tract 515; Kings County; New York,2839,1904,126,Census Tract 515; Kings County; New York,2839,2609,230,36047051500
1400000US36047051601,Census Tract 516.01; Kings County; New York,68202,Census Tract 516.01; Kings County; New York,4824,2035,2789,Census Tract 516.01; Kings County; New York,4824,638,2867,Census Tract 516.01; Kings County; New York,4824,3899,925,36047051601
1400000US36047051602,Census Tract 516.02; Kings County; New York,80341,Census Tract 516.02; Kings County; New York,3784,1940,1844,Census Tract 516.02; Kings County; New York,3784,420,2389,Census Tract 516.02; Kings County; New York,3784,2800,984,36047051602
1400000US36047051700,Census Tract 517; Kings County; New York,220795,Census Tract 517; Kings County; New York,2853,1330,1523,Census Tract 517; Kings County; New York,2853,1875,58,Census Tract 517; Kings County; New York,2853,2345,508,36047051700
1400000US36047051800,Census Tract 518; Kings County; New York,101985,Census Tract 518; Kings County; New York,3448,1876,1572,Census Tract 518; Kings County; New York,3448,1217,1188,Census Tract 518; Kings County; New York,3448,2965,483,36047051800
1400000US36047051900,Census Tract 519; Kings County; New York,212881,Census Tract 519; Kings County; New York,5725,3351,2374,Census Tract 519; Kings County; New York,5725,3614,66,Census Tract 519; Kings County; New York,5725,4933,792,36047051900
1400000US36047052000,Census Tract 520; Kings County; New York,121325,Census Tract 520; Kings County; New York,3544,1730,1814,Census Tract 520; Kings County; New York,3544,1245,719,Census Tract 520; Kings County; New York,3544,3211,333,36047052000
1400000US36047052300,Census Tract 523; Kings County; New York,77976,Census Tract 523; Kings County; New York,5432,2298,3134,Census Tract 523; Kings County; New York,5432,2091,482,Census Tract 523; Kings County; New York,5432,2616,2816,36047052300
1400000US36047052500,Census Tract 525; Kings County; New York,51393,Census Tract 525; Kings County; New York,3501,1655,1846,Census Tract 525; Kings County; New York,3501,2646,0,Census Tract 525; Kings County; New York,3501,2694,807,36047052500
1400000US36047052600,Census Tract 526; Kings County; New York,88520,Census Tract 526; Kings County; New York,3879,1942,1937,Census Tract 526; Kings County; New York,3879,1768,756,Census Tract 526; Kings County; New York,3879,3248,631,36047052600
1400000US36047052700,Census Tract 527; Kings County; New York,63608,Census Tract 527; Kings County; New York,5921,2916,3005,Census Tract 527; Kings County; New York,5921,2222,557,Census Tract 527; Kings County; New York,5921,2220,3701,36047052700
1400000US36047052800,Census Tract 528; Kings County; New York,120670,Census Tract 528; Kings County; New York,1826,906,920,Census Tract 528; Kings County; New York,1826,1016,100,Census Tract 528; Kings County; New York,1826,1744,82,36047052800
1400000US36047052900,Census Tract 529; Kings County; New York,41576,Census Tract 529; Kings County; New York,3113,1691,1422,Census Tract 529; Kings County; New York,3113,2496,0,Census Tract 529; Kings County; New York,3113,2612,501,36047052900
1400000US36047053000,Census Tract 530; Kings County; New York,76684,Census Tract 530; Kings County; New York,3628,1758,1870,Census Tract 530; Kings County; New York,3628,2395,181,Census Tract 530; Kings County; New York,3628,3419,209,36047053000
1400000US36047053101,Census Tract 531.01; Kings County; New York,-,Census Tract 531.01; Kings County; New York,2629,1151,1478,Census Tract 531.01; Kings County; New York,2629,2404,81,Census Tract 531.01; Kings County; New York,2629,2546,83,36047053101
1400000US36047053102,Census Tract 531.02; Kings County; New York,68487,Census Tract 531.02; Kings County; New York,6226,2960,3266,Census Tract 531.02; Kings County; New York,6226,6018,21,Census Tract 531.02; Kings County; New York,6226,6205,21,36047053102
1400000US36047053200,Census Tract 532; Kings County; New York,67273,Census Tract 532; Kings County; New York,2296,1064,1232,Census Tract 532; Kings County; New York,2296,1233,105,Census Tract 532; Kings County; New York,2296,2134,162,36047053200
1400000US36047053300,Census Tract 533; Kings County; New York,34889,Census Tract 533; Kings County; New York,6233,2712,3521,Census Tract 533; Kings County; New York,6233,6106,10,Census Tract 533; Kings County; New York,6233,5978,255,36047053300
1400000US36047053400,Census Tract 534; Kings County; New York,67240,Census Tract 534; Kings County; New York,4488,2241,2247,Census Tract 534; Kings County; New York,4488,2144,532,Census Tract 534; Kings County; New York,4488,4303,185,36047053400
1400000US36047053500,Census Tract 535; Kings County; New York,24912,Census Tract 535; Kings County; New York,4275,2352,1923,Census Tract 535; Kings County; New York,4275,3798,0,Census Tract 535; Kings County; New York,4275,4035,240,36047053500
1400000US36047053700,Census Tract 537; Kings County; New York,42471,Census Tract 537; Kings County; New York,4181,2307,1874,Census Tract 537; Kings County; New York,4181,4062,77,Census Tract 537; Kings County; New York,4181,4175,6,36047053700
1400000US36047053800,Census Tract 538; Kings County; New York,70978,Census Tract 538; Kings County; New York,5806,2609,3197,Census Tract 538; Kings County; New York,5806,3376,877,Census Tract 538; Kings County; New York,5806,4987,819,36047053800
1400000US36047053900,Census Tract 539; Kings County; New York,43688,Census Tract 539; Kings County; New York,2552,1149,1403,Census Tract 539; Kings County; New York,2552,2103,127,Census Tract 539; Kings County; New York,2552,2107,445,36047053900
1400000US36047054200,Census Tract 542; Kings County; New York,57472,Census Tract 542; Kings County; New York,4041,2217,1824,Census Tract 542; Kings County; New York,4041,2894,157,Census Tract 542; Kings County; New York,4041,3365,676,36047054200
1400000US36047054300,Census Tract 543; Kings County; New York,-,Census Tract 543; Kings County; New York,0,0,0,Census Tract 543; Kings County; New York,0,0,0,Census Tract 543; Kings County; New York,0,0,0,36047054300
1400000US36047054400,Census Tract 544; Kings County; New York,67500,Census Tract 544; Kings County; New York,3906,1759,2147,Census Tract 544; Kings County; New York,3906,3216,0,Census Tract 544; Kings County; New York,3906,3885,21,36047054400
1400000US36047054500,Census Tract 545; Kings County; New York,36559,Census Tract 545; Kings County; New York,7454,3256,4198,Census Tract 545; Kings County; New York,7454,3215,3001,Census Tract 545; Kings County; New York,7454,5988,1466,36047054500
1400000US36047054600,Census Tract 546; Kings County; New York,71667,Census Tract 546; Kings County; New York,5214,2801,2413,Census Tract 546; Kings County; New York,5214,3129,370,Census Tract 546; Kings County; New York,5214,4689,525,36047054600
1400000US36047054700,Census Tract 547; Kings County; New York,91108,Census Tract 547; Kings County; New York,8440,4168,4272,Census Tract 547; Kings County; New York,8440,6192,479,Census Tract 547; Kings County; New York,8440,7349,1091,36047054700
1400000US36047054800,Census Tract 548; Kings County; New York,100104,Census Tract 548; Kings County; New York,2236,1082,1154,Census Tract 548; Kings County; New York,2236,1961,106,Census Tract 548; Kings County; New York,2236,2200,36,36047054800
1400000US36047054900,Census Tract 549; Kings County; New York,171250,Census Tract 549; Kings County; New York,4645,2194,2451,Census Tract 549; Kings County; New York,4645,3582,0,Census Tract 549; Kings County; New York,4645,3547,1098,36047054900
1400000US36047055000,Census Tract 550; Kings County; New York,59632,Census Tract 550; Kings County; New York,3512,1849,1663,Census Tract 550; Kings County; New York,3512,2433,190,Census Tract 550; Kings County; New York,3512,2981,531,36047055000
1400000US36047055100,Census Tract 551; Kings County; New York,162577,Census Tract 551; Kings County; New York,6797,3251,3546,Census Tract 551; Kings County; New York,6797,3497,821,Census Tract 551; Kings County; New York,6797,4497,2300,36047055100
1400000US36047055200,Census Tract 552; Kings County; New York,107734,Census Tract 552; Kings County; New York,3745,1986,1759,Census Tract 552; Kings County; New York,3745,2704,13,Census Tract 552; Kings County; New York,3745,3614,131,36047055200
1400000US36047055300,Census Tract 553; Kings County; New York,141250,Census Tract 553; Kings County; New York,3325,1729,1596,Census Tract 553; Kings County; New York,3325,2058,52,Census Tract 553; Kings County; New York,3325,2365,960,36047055300
1400000US36047055400,Census Tract 554; Kings County; New York,61740,Census Tract 554; Kings County; New York,4088,1920,2168,Census Tract 554; Kings County; New York,4088,2839,44,Census Tract 554; Kings County; New York,4088,3547,541,36047055400
1400000US36047055500,Census Tract 555; Kings County; New York,188015,Census Tract 555; Kings County; New York,9183,4446,4737,Census Tract 555; Kings County; New York,9183,6277,476,Census Tract 555; Kings County; New York,9183,7400,1783,36047055500
1400000US36047055600,Census Tract 556; Kings County; New York,68589,Census Tract 556; Kings County; New York,3363,1665,1698,Census Tract 556; Kings County; New York,3363,2537,45,Census Tract 556; Kings County; New York,3363,3274,89,36047055600
1400000US36047055700,Census Tract 557; Kings County; New York,146765,Census Tract 557; Kings County; New York,1775,909,866,Census Tract 557; Kings County; New York,1775,1385,8,Census Tract 557; Kings County; New York,1775,1498,277,36047055700
1400000US36047055800,Census Tract 558; Kings County; New York,69063,Census Tract 558; Kings County; New York,2291,1037,1254,Census Tract 558; Kings County; New York,2291,1533,23,Census Tract 558; Kings County; New York,2291,2156,135,36047055800
1400000US36047056000,Census Tract 560; Kings County; New York,72283,Census Tract 560; Kings County; New York,3594,1659,1935,Census Tract 560; Kings County; New York,3594,2371,254,Census Tract 560; Kings County; New York,3594,3322,272,36047056000
1400000US36047056100,Census Tract 561; Kings County; New York,160810,Census Tract 561; Kings County; New York,3580,1922,1658,Census Tract 561; Kings County; New York,3580,2430,143,Census Tract 561; Kings County; New York,3580,2963,617,36047056100
1400000US36047056200,Census Tract 562; Kings County; New York,92500,Census Tract 562; Kings County; New York,1865,1056,809,Census Tract 562; Kings County; New York,1865,1569,0,Census Tract 562; Kings County; New York,1865,1865,0,36047056200
1400000US36047056301,Census Tract 563.01; Kings County; New York,146458,Census Tract 563.01; Kings County; New York,4778,2754,2024,Census Tract 563.01; Kings County; New York,4778,3194,110,Census Tract 563.01; Kings County; New York,4778,3720,1058,36047056301
1400000US36047056302,Census Tract 563.02; Kings County; New York,74732,Census Tract 563.02; Kings County; New York,2140,997,1143,Census Tract 563.02; Kings County; New York,2140,1107,258,Census Tract 563.02; Kings County; New York,2140,1383,757,36047056302
1400000US36047056400,Census Tract 564; Kings County; New York,84128,Census Tract 564; Kings County; New York,2564,1137,1427,Census Tract 564; Kings County; New York,2564,1605,148,Census Tract 564; Kings County; New York,2564,2261,303,36047056400
1400000US36047056500,Census Tract 565; Kings County; New York,118032,Census Tract 565; Kings County; New York,3340,1493,1847,Census Tract 565; Kings County; New York,3340,2579,26,Census Tract 565; Kings County; New York,3340,2925,415,36047056500
1400000US36047056600,Census Tract 566; Kings County; New York,73929,Census Tract 566; Kings County; New York,2297,1028,1269,Census Tract 566; Kings County; New York,2297,1102,295,Census Tract 566; Kings County; New York,2297,2137,160,36047056600
1400000US36047056800,Census Tract 568; Kings County; New York,74476,Census Tract 568; Kings County; New York,1247,625,622,Census Tract 568; Kings County; New York,1247,751,0,Census Tract 568; Kings County; New York,1247,1028,219,36047056800
1400000US36047056900,Census Tract 569; Kings County; New York,164519,Census Tract 569; Kings County; New York,1744,813,931,Census Tract 569; Kings County; New York,1744,1350,20,Census Tract 569; Kings County; New York,1744,1487,257,36047056900
1400000US36047057000,Census Tract 570; Kings County; New York,78184,Census Tract 570; Kings County; New York,3621,1622,1999,Census Tract 570; Kings County; New York,3621,1899,192,Census Tract 570; Kings County; New York,3621,2768,853,36047057000
1400000US36047057100,Census Tract 571; Kings County; New York,117832,Census Tract 571; Kings County; New York,4184,1871,2313,Census Tract 571; Kings County; New York,4184,3349,50,Census Tract 571; Kings County; New York,4184,3813,371,36047057100
1400000US36047057200,Census Tract 572; Kings County; New York,40428,Census Tract 572; Kings County; New York,5499,2244,3255,Census Tract 572; Kings County; New York,5499,1096,3395,Census Tract 572; Kings County; New York,5499,4594,905,36047057200
1400000US36047057300,Census Tract 573; Kings County; New York,148875,Census Tract 573; Kings County; New York,2482,1267,1215,Census Tract 573; Kings County; New York,2482,1858,137,Census Tract 573; Kings County; New York,2482,2185,297,36047057300
1400000US36047057400,Census Tract 574; Kings County; New York,94231,Census Tract 574; Kings County; New York,2609,1202,1407,Census Tract 574; Kings County; New York,2609,1064,0,Census Tract 574; Kings County; New York,2609,2475,134,36047057400
1400000US36047057500,Census Tract 575; Kings County; New York,128304,Census Tract 575; Kings County; New York,4903,2372,2531,Census Tract 575; Kings County; New York,4903,3078,189,Census Tract 575; Kings County; New York,4903,4040,863,36047057500
1400000US36047057600,Census Tract 576; Kings County; New York,92719,Census Tract 576; Kings County; New York,2881,1281,1600,Census Tract 576; Kings County; New York,2881,1144,0,Census Tract 576; Kings County; New York,2881,2765,116,36047057600
1400000US36047057800,Census Tract 578; Kings County; New York,46746,Census Tract 578; Kings County; New York,2997,1540,1457,Census Tract 578; Kings County; New York,2997,1384,78,Census Tract 578; Kings County; New York,2997,2664,333,36047057800
1400000US36047057901,Census Tract 579.01; Kings County; New York,137366,Census Tract 579.01; Kings County; New York,1427,684,743,Census Tract 579.01; Kings County; New York,1427,790,230,Census Tract 579.01; Kings County; New York,1427,1089,338,36047057901
1400000US36047057902,Census Tract 579.02; Kings County; New York,-,Census Tract 579.02; Kings County; New York,0,0,0,Census Tract 579.02; Kings County; New York,0,0,0,Census Tract 579.02; Kings County; New York,0,0,0,36047057902
1400000US36047058000,Census Tract 580; Kings County; New York,41278,Census Tract 580; Kings County; New York,3466,1612,1854,Census Tract 580; Kings County; New York,3466,1637,101,Census Tract 580; Kings County; New York,3466,2889,577,36047058000
1400000US36047058200,Census Tract 582; Kings County; New York,57143,Census Tract 582; Kings County; New York,2435,1315,1120,Census Tract 582; Kings County; New York,2435,1169,33,Census Tract 582; Kings County; New York,2435,1766,669,36047058200
1400000US36047058400,Census Tract 584; Kings County; New York,69643,Census Tract 584; Kings County; New York,3546,1520,2026,Census Tract 584; Kings County; New York,3546,2458,30,Census Tract 584; Kings County; New York,3546,3419,127,36047058400
1400000US36047058600,Census Tract 586; Kings County; New York,84176,Census Tract 586; Kings County; New York,2289,1316,973,Census Tract 586; Kings County; New York,2289,766,335,Census Tract 586; Kings County; New York,2289,2237,52,36047058600
1400000US36047058800,Census Tract 588; Kings County; New York,115865,Census Tract 588; Kings County; New York,3639,1790,1849,Census Tract 588; Kings County; New York,3639,2397,139,Census Tract 588; Kings County; New York,3639,3420,219,36047058800
1400000US36047058901,Census Tract 589.01; Kings County; New York,110313,Census Tract 589.01; Kings County; New York,1876,875,1001,Census Tract 589.01; Kings County; New York,1876,1627,13,Census Tract 589.01; Kings County; New York,1876,1786,90,36047058901
1400000US36047058902,Census Tract 589.02; Kings County; New York,-,Census Tract 589.02; Kings County; New York,0,0,0,Census Tract 589.02; Kings County; New York,0,0,0,Census Tract 589.02; Kings County; New York,0,0,0,36047058902
1400000US36047059000,Census Tract 590; Kings County; New York,97567,Census Tract 590; Kings County; New York,2013,967,1046,Census Tract 590; Kings County; New York,2013,698,48,Census Tract 590; Kings County; New York,2013,1507,506,36047059000
1400000US36047059100,Census Tract 591; Kings County; New York,135339,Census Tract 591; Kings County; New York,3885,1716,2169,Census Tract 591; Kings County; New York,3885,2986,72,Census Tract 591; Kings County; New York,3885,3343,542,36047059100
1400000US36047059200,Census Tract 592; Kings County; New York,58063,Census Tract 592; Kings County; New York,3894,1960,1934,Census Tract 592; Kings County; New York,3894,2511,35,Census Tract 592; Kings County; New York,3894,3747,147,36047059200
1400000US36047059300,Census Tract 593; Kings County; New York,106544,Census Tract 593; Kings County; New York,2603,1316,1287,Census Tract 593; Kings County; New York,2603,1995,59,Census Tract 593; Kings County; New York,2603,2126,477,36047059300
1400000US36047059402,Census Tract 594.02; Kings County; New York,74917,Census Tract 594.02; Kings County; New York,5730,2913,2817,Census Tract 594.02; Kings County; New York,5730,4244,73,Census Tract 594.02; Kings County; New York,5730,5528,202,36047059402
1400000US36047059403,Census Tract 594.03; Kings County; New York,63750,Census Tract 594.03; Kings County; New York,2839,1658,1181,Census Tract 594.03; Kings County; New York,2839,1357,60,Census Tract 594.03; Kings County; New York,2839,2783,56,36047059403
1400000US36047059404,Census Tract 594.04; Kings County; New York,62854,Census Tract 594.04; Kings County; New York,4244,2290,1954,Census Tract 594.04; Kings County; New York,4244,2414,25,Census Tract 594.04; Kings County; New York,4244,3827,417,36047059404
1400000US36047059600,Census Tract 596; Kings County; New York,56359,Census Tract 596; Kings County; New York,2235,1076,1159,Census Tract 596; Kings County; New York,2235,1677,31,Census Tract 596; Kings County; New York,2235,2235,0,36047059600
1400000US36047059800,Census Tract 598; Kings County; New York,81724,Census Tract 598; Kings County; New York,3123,1507,1616,Census Tract 598; Kings County; New York,3123,2161,177,Census Tract 598; Kings County; New York,3123,3095,28,36047059800
1400000US36047060000,Census Tract 600; Kings County; New York,99383,Census Tract 600; Kings County; New York,6451,2867,3584,Census Tract 600; Kings County; New York,6451,5366,16,Census Tract 600; Kings County; New York,6451,5935,516,36047060000
1400000US36047060600,Census Tract 606; Kings County; New York,64353,Census Tract 606; Kings County; New York,2766,1329,1437,Census Tract 606; Kings County; New York,2766,1807,30,Census Tract 606; Kings County; New York,2766,2480,286,36047060600
1400000US36047060800,Census Tract 608; Kings County; New York,65705,Census Tract 608; Kings County; New York,3779,1622,2157,Census Tract 608; Kings County; New York,3779,2155,147,Census Tract 608; Kings County; New York,3779,3382,397,36047060800
1400000US36047061002,Census Tract 610.02; Kings County; New York,75132,Census Tract 610.02; Kings County; New York,5163,2463,2700,Census Tract 610.02; Kings County; New York,5163,5016,0,Census Tract 610.02; Kings County; New York,5163,5163,0,36047061002
1400000US36047061003,Census Tract 610.03; Kings County; New York,50361,Census Tract 610.03; Kings County; New York,2047,1053,994,Census Tract 610.03; Kings County; New York,2047,516,65,Census Tract 610.03; Kings County; New York,2047,1092,955,36047061003
1400000US36047061004,Census Tract 610.04; Kings County; New York,38443,Census Tract 610.04; Kings County; New York,5659,2654,3005,Census Tract 610.04; Kings County; New York,5659,4339,33,Census Tract 610.04; Kings County; New York,5659,5229,430,36047061004
1400000US36047061200,Census Tract 612; Kings County; New York,153854,Census Tract 612; Kings County; New York,1094,564,530,Census Tract 612; Kings County; New York,1094,962,18,Census Tract 612; Kings County; New York,1094,1011,83,36047061200
1400000US36047061600,Census Tract 616; Kings County; New York,168438,Census Tract 616; Kings County; New York,1553,738,815,Census Tract 616; Kings County; New York,1553,1483,45,Census Tract 616; Kings County; New York,1553,1545,8,36047061600
1400000US36047062000,Census Tract 620; Kings County; New York,91486,Census Tract 620; Kings County; New York,1807,820,987,Census Tract 620; Kings County; New York,1807,1670,0,Census Tract 620; Kings County; New York,1807,1807,0,36047062000
1400000US36047062200,Census Tract 622; Kings County; New York,68997,Census Tract 622; Kings County; New York,2891,1440,1451,Census Tract 622; Kings County; New York,2891,1521,572,Census Tract 622; Kings County; New York,2891,2465,426,36047062200
1400000US36047062600,Census Tract 626; Kings County; New York,65694,Census Tract 626; Kings County; New York,3225,1522,1703,Census Tract 626; Kings County; New York,3225,2117,174,Census Tract 626; Kings County; New York,3225,3051,174,36047062600
1400000US36047062800,Census Tract 628; Kings County; New York,111894,Census Tract 628; Kings County; New York,4879,2432,2447,Census Tract 628; Kings County; New York,4879,4134,0,Census Tract 628; Kings County; New York,4879,4343,536,36047062800
1400000US36047063200,Census Tract 632; Kings County; New York,79500,Census Tract 632; Kings County; New York,1468,796,672,Census Tract 632; Kings County; New York,1468,1002,24,Census Tract 632; Kings County; New York,1468,1371,97,36047063200
1400000US36047063600,Census Tract 636; Kings County; New York,142986,Census Tract 636; Kings County; New York,1112,585,527,Census Tract 636; Kings County; New York,1112,779,20,Census Tract 636; Kings County; New York,1112,1054,58,36047063600
1400000US36047063800,Census Tract 638; Kings County; New York,104091,Census Tract 638; Kings County; New York,1851,942,909,Census Tract 638; Kings County; New York,1851,1291,102,Census Tract 638; Kings County; New York,1851,1776,75,36047063800
1400000US36047064000,Census Tract 640; Kings County; New York,144857,Census Tract 640; Kings County; New York,1581,776,805,Census Tract 640; Kings County; New York,1581,1343,0,Census Tract 640; Kings County; New York,1581,1398,183,36047064000
1400000US36047064200,Census Tract 642; Kings County; New York,68319,Census Tract 642; Kings County; New York,2687,1310,1377,Census Tract 642; Kings County; New York,2687,2062,5,Census Tract 642; Kings County; New York,2687,2534,153,36047064200
1400000US36047064400,Census Tract 644; Kings County; New York,95833,Census Tract 644; Kings County; New York,2447,1215,1232,Census Tract 644; Kings County; New York,2447,1534,268,Census Tract 644; Kings County; New York,2447,2381,66,36047064400
1400000US36047064600,Census Tract 646; Kings County; New York,96462,Census Tract 646; Kings County; New York,2187,1169,1018,Census Tract 646; Kings County; New York,2187,1539,33,Census Tract 646; Kings County; New York,2187,2020,167,36047064600
1400000US36047064800,Census Tract 648; Kings County; New York,110156,Census Tract 648; Kings County; New York,1933,964,969,Census Tract 648; Kings County; New York,1933,1135,351,Census Tract 648; Kings County; New York,1933,1594,339,36047064800
1400000US36047065000,Census Tract 650; Kings County; New York,90254,Census Tract 650; Kings County; New York,1312,667,645,Census Tract 650; Kings County; New York,1312,529,504,Census Tract 650; Kings County; New York,1312,1087,225,36047065000
1400000US36047065200,Census Tract 652; Kings County; New York,92969,Census Tract 652; Kings County; New York,1180,471,709,Census Tract 652; Kings County; New York,1180,973,79,Census Tract 652; Kings County; New York,1180,1150,30,36047065200
1400000US36047065400,Census Tract 654; Kings County; New York,127143,Census Tract 654; Kings County; New York,1759,1047,712,Census Tract 654; Kings County; New York,1759,1251,17,Census Tract 654; Kings County; New York,1759,1698,61,36047065400
1400000US36047065600,Census Tract 656; Kings County; New York,122708,Census Tract 656; Kings County; New York,1844,942,902,Census Tract 656; Kings County; New York,1844,1254,23,Census Tract 656; Kings County; New York,1844,1692,152,36047065600
1400000US36047065800,Census Tract 658; Kings County; New York,94400,Census Tract 658; Kings County; New York,1792,828,964,Census Tract 658; Kings County; New York,1792,1000,41,Census Tract 658; Kings County; New York,1792,1544,248,36047065800
1400000US36047066000,Census Tract 660; Kings County; New York,150219,Census Tract 660; Kings County; New York,1912,914,998,Census Tract 660; Kings County; New York,1912,1403,0,Census Tract 660; Kings County; New York,1912,1728,184,36047066000
1400000US36047066200,Census Tract 662; Kings County; New York,63681,Census Tract 662; Kings County; New York,1144,579,565,Census Tract 662; Kings County; New York,1144,586,32,Census Tract 662; Kings County; New York,1144,906,238,36047066200
1400000US36047066600,Census Tract 666; Kings County; New York,-,Census Tract 666; Kings County; New York,0,0,0,Census Tract 666; Kings County; New York,0,0,0,Census Tract 666; Kings County; New York,0,0,0,36047066600
1400000US36047067000,Census Tract 670; Kings County; New York,88920,Census Tract 670; Kings County; New York,2598,1207,1391,Census Tract 670; Kings County; New York,2598,547,1451,Census Tract 670; Kings County; New York,2598,2408,190,36047067000
1400000US36047067200,Census Tract 672; Kings County; New York,81834,Census Tract 672; Kings County; New York,1559,682,877,Census Tract 672; Kings County; New York,1559,151,855,Census Tract 672; Kings County; New York,1559,1033,526,36047067200
1400000US36047067400,Census Tract 674; Kings County; New York,122609,Census Tract 674; Kings County; New York,1910,889,1021,Census Tract 674; Kings County; New York,1910,150,1182,Census Tract 674; Kings County; New York,1910,1852,58,36047067400
1400000US36047067600,Census Tract 676; Kings County; New York,124934,Census Tract 676; Kings County; New York,1795,884,911,Census Tract 676; Kings County; New York,1795,164,1284,Census Tract 676; Kings County; New York,1795,1473,322,36047067600
1400000US36047067800,Census Tract 678; Kings County; New York,95044,Census Tract 678; Kings County; New York,2675,1122,1553,Census Tract 678; Kings County; New York,2675,116,2196,Census Tract 678; Kings County; New York,2675,2619,56,36047067800
1400000US36047068000,Census Tract 680; Kings County; New York,93994,Census Tract 680; Kings County; New York,1907,1007,900,Census Tract 680; Kings County; New York,1907,104,1314,Census Tract 680; Kings County; New York,1907,1709,198,36047068000
1400000US36047068200,Census Tract 682; Kings County; New York,118611,Census Tract 682; Kings County; New York,2844,1310,1534,Census Tract 682; Kings County; New York,2844,592,1385,Census Tract 682; Kings County; New York,2844,2204,640,36047068200
1400000US36047068600,Census Tract 686; Kings County; New York,107431,Census Tract 686; Kings County; New York,1724,720,1004,Census Tract 686; Kings County; New York,1724,787,669,Census Tract 686; Kings County; New York,1724,1689,35,36047068600
1400000US36047068800,Census Tract 688; Kings County; New York,91000,Census Tract 688; Kings County; New York,1628,707,921,Census Tract 688; Kings County; New York,1628,269,836,Census Tract 688; Kings County; New York,1628,1414,214,36047068800
1400000US36047069000,Census Tract 690; Kings County; New York,127989,Census Tract 690; Kings County; New York,1728,899,829,Census Tract 690; Kings County; New York,1728,167,942,Census Tract 690; Kings County; New York,1728,1294,434,36047069000
1400000US36047069200,Census Tract 692; Kings County; New York,92717,Census Tract 692; Kings County; New York,2288,1114,1174,Census Tract 692; Kings County; New York,2288,244,1627,Census Tract 692; Kings County; New York,2288,1911,377,36047069200
1400000US36047069601,Census Tract 696.01; Kings County; New York,98607,Census Tract 696.01; Kings County; New York,3406,1440,1966,Census Tract 696.01; Kings County; New York,3406,1219,1885,Census Tract 696.01; Kings County; New York,3406,3070,336,36047069601
1400000US36047069602,Census Tract 696.02; Kings County; New York,101724,Census Tract 696.02; Kings County; New York,5630,2757,2873,Census Tract 696.02; Kings County; New York,5630,3016,1734,Census Tract 696.02; Kings County; New York,5630,5173,457,36047069602
1400000US36047069800,Census Tract 698; Kings County; New York,126500,Census Tract 698; Kings County; New York,1452,633,819,Census Tract 698; Kings County; New York,1452,754,110,Census Tract 698; Kings County; New York,1452,1071,381,36047069800
1400000US36047070000,Census Tract 700; Kings County; New York,93493,Census Tract 700; Kings County; New York,1402,689,713,Census Tract 700; Kings County; New York,1402,1101,151,Census Tract 700; Kings County; New York,1402,1280,122,36047070000
1400000US36047070201,Census Tract 702.01; Kings County; New York,117604,Census Tract 702.01; Kings County; New York,6804,3194,3610,Census Tract 702.01; Kings County; New York,6804,6082,0,Census Tract 702.01; Kings County; New York,6804,6662,142,36047070201
1400000US36047070202,Census Tract 702.02; Kings County; New York,-,Census Tract 702.02; Kings County; New York,13,13,0,Census Tract 702.02; Kings County; New York,13,9,0,Census Tract 702.02; Kings County; New York,13,9,4,36047070202
1400000US36047070203,Census Tract 702.03; Kings County; New York,-,Census Tract 702.03; Kings County; New York,0,0,0,Census Tract 702.03; Kings County; New York,0,0,0,Census Tract 702.03; Kings County; New York,0,0,0,36047070203
1400000US36047070601,Census Tract 706.01; Kings County; New York,145577,Census Tract 706.01; Kings County; New York,2584,1179,1405,Census Tract 706.01; Kings County; New York,2584,2032,0,Census Tract 706.01; Kings County; New York,2584,2453,131,36047070601
1400000US36047070602,Census Tract 706.02; Kings County; New York,-,Census Tract 706.02; Kings County; New York,0,0,0,Census Tract 706.02; Kings County; New York,0,0,0,Census Tract 706.02; Kings County; New York,0,0,0,36047070602
1400000US36047072000,Census Tract 720; Kings County; New York,72619,Census Tract 720; Kings County; New York,1938,919,1019,Census Tract 720; Kings County; New York,1938,40,1527,Census Tract 720; Kings County; New York,1938,1888,50,36047072000
1400000US36047072200,Census Tract 722; Kings County; New York,55068,Census Tract 722; Kings County; New York,2187,958,1229,Census Tract 722; Kings County; New York,2187,76,1784,Census Tract 722; Kings County; New York,2187,2033,154,36047072200
1400000US36047072400,Census Tract 724; Kings County; New York,65722,Census Tract 724; Kings County; New York,1694,679,1015,Census Tract 724; Kings County; New York,1694,19,1584,Census Tract 724; Kings County; New York,1694,1652,42,36047072400
1400000US36047072600,Census Tract 726; Kings County; New York,101250,Census Tract 726; Kings County; New York,2647,1078,1569,Census Tract 726; Kings County; New York,2647,111,2131,Census Tract 726; Kings County; New York,2647,2448,199,36047072600
1400000US36047072800,Census Tract 728; Kings County; New York,64654,Census Tract 728; Kings County; New York,3594,1298,2296,Census Tract 728; Kings County; New York,3594,58,2937,Census Tract 728; Kings County; New York,3594,3433,161,36047072800
1400000US36047073000,Census Tract 730; Kings County; New York,137244,Census Tract 730; Kings County; New York,2449,1047,1402,Census Tract 730; Kings County; New York,2449,147,1932,Census Tract 730; Kings County; New York,2449,2397,52,36047073000
1400000US36047073200,Census Tract 732; Kings County; New York,87908,Census Tract 732; Kings County; New York,1927,1047,880,Census Tract 732; Kings County; New York,1927,30,1723,Census Tract 732; Kings County; New York,1927,1863,64,36047073200
1400000US36047073400,Census Tract 734; Kings County; New York,124205,Census Tract 734; Kings County; New York,1479,658,821,Census Tract 734; Kings County; New York,1479,43,1035,Census Tract 734; Kings County; New York,1479,1326,153,36047073400
1400000US36047073600,Census Tract 736; Kings County; New York,79256,Census Tract 736; Kings County; New York,2807,1282,1525,Census Tract 736; Kings County; New York,2807,45,1620,Census Tract 736; Kings County; New York,2807,2450,357,36047073600
1400000US36047073800,Census Tract 738; Kings County; New York,57222,Census Tract 738; Kings County; New York,3464,1731,1733,Census Tract 738; Kings County; New York,3464,925,1692,Census Tract 738; Kings County; New York,3464,2733,731,36047073800
1400000US36047074000,Census Tract 740; Kings County; New York,79688,Census Tract 740; Kings County; New York,3816,2094,1722,Census Tract 740; Kings County; New York,3816,500,2164,Census Tract 740; Kings County; New York,3816,3479,337,36047074000
1400000US36047074200,Census Tract 742; Kings County; New York,72635,Census Tract 742; Kings County; New York,2799,1434,1365,Census Tract 742; Kings County; New York,2799,1225,898,Census Tract 742; Kings County; New York,2799,2704,95,36047074200
1400000US36047074400,Census Tract 744; Kings County; New York,145929,Census Tract 744; Kings County; New York,3068,1849,1219,Census Tract 744; Kings County; New York,3068,2676,95,Census Tract 744; Kings County; New York,3068,3046,22,36047074400
1400000US36047074600,Census Tract 746; Kings County; New York,85587,Census Tract 746; Kings County; New York,2149,968,1181,Census Tract 746; Kings County; New York,2149,1747,261,Census Tract 746; Kings County; New York,2149,2076,73,36047074600
1400000US36047074800,Census Tract 748; Kings County; New York,79808,Census Tract 748; Kings County; New York,1595,858,737,Census Tract 748; Kings County; New York,1595,1107,348,Census Tract 748; Kings County; New York,1595,1523,72,36047074800
1400000US36047075000,Census Tract 750; Kings County; New York,105881,Census Tract 750; Kings County; New York,2845,1514,1331,Census Tract 750; Kings County; New York,2845,2025,487,Census Tract 750; Kings County; New York,2845,2633,212,36047075000
1400000US36047075200,Census Tract 752; Kings County; New York,162938,Census Tract 752; Kings County; New York,1151,573,578,Census Tract 752; Kings County; New York,1151,1146,0,Census Tract 752; Kings County; New York,1151,1151,0,36047075200
1400000US36047075400,Census Tract 754; Kings County; New York,116726,Census Tract 754; Kings County; New York,1284,856,428,Census Tract 754; Kings County; New York,1284,1264,18,Census Tract 754; Kings County; New York,1284,1282,2,36047075400
1400000US36047075600,Census Tract 756; Kings County; New York,87885,Census Tract 756; Kings County; New York,1949,1088,861,Census Tract 756; Kings County; New York,1949,1430,111,Census Tract 756; Kings County; New York,1949,1810,139,36047075600
1400000US36047075800,Census Tract 758; Kings County; New York,58314,Census Tract 758; Kings County; New York,1460,597,863,Census Tract 758; Kings County; New York,1460,1196,79,Census Tract 758; Kings County; New York,1460,1443,17,36047075800
1400000US36047076000,Census Tract 760; Kings County; New York,65795,Census Tract 760; Kings County; New York,3092,1597,1495,Census Tract 760; Kings County; New York,3092,2433,228,Census Tract 760; Kings County; New York,3092,2965,127,36047076000
1400000US36047076200,Census Tract 762; Kings County; New York,43365,Census Tract 762; Kings County; New York,4114,2085,2029,Census Tract 762; Kings County; New York,4114,1534,329,Census Tract 762; Kings County; New York,4114,3044,1070,36047076200
1400000US36047076400,Census Tract 764; Kings County; New York,79868,Census Tract 764; Kings County; New York,4192,2020,2172,Census Tract 764; Kings County; New York,4192,878,2001,Census Tract 764; Kings County; New York,4192,3456,736,36047076400
1400000US36047076600,Census Tract 766; Kings County; New York,74773,Census Tract 766; Kings County; New York,2114,969,1145,Census Tract 766; Kings County; New York,2114,342,1299,Census Tract 766; Kings County; New York,2114,1904,210,36047076600
1400000US36047076800,Census Tract 768; Kings County; New York,61354,Census Tract 768; Kings County; New York,3998,2224,1774,Census Tract 768; Kings County; New York,3998,2508,72,Census Tract 768; Kings County; New York,3998,3709,289,36047076800
1400000US36047077000,Census Tract 770; Kings County; New York,84476,Census Tract 770; Kings County; New York,2726,1142,1584,Census Tract 770; Kings County; New York,2726,486,1937,Census Tract 770; Kings County; New York,2726,2625,101,36047077000
1400000US36047077200,Census Tract 772; Kings County; New York,75739,Census Tract 772; Kings County; New York,3243,1240,2003,Census Tract 772; Kings County; New York,3243,1023,1484,Census Tract 772; Kings County; New York,3243,2734,509,36047077200
1400000US36047077400,Census Tract 774; Kings County; New York,76061,Census Tract 774; Kings County; New York,3106,1468,1638,Census Tract 774; Kings County; New York,3106,473,1874,Census Tract 774; Kings County; New York,3106,2688,418,36047077400
1400000US36047077600,Census Tract 776; Kings County; New York,72240,Census Tract 776; Kings County; New York,3438,1652,1786,Census Tract 776; Kings County; New York,3438,466,2373,Census Tract 776; Kings County; New York,3438,3264,174,36047077600
1400000US36047078000,Census Tract 780; Kings County; New York,117232,Census Tract 780; Kings County; New York,2221,1141,1080,Census Tract 780; Kings County; New York,2221,105,2051,Census Tract 780; Kings County; New York,2221,2135,86,36047078000
1400000US36047078200,Census Tract 782; Kings County; New York,59422,Census Tract 782; Kings County; New York,4196,1901,2295,Census Tract 782; Kings County; New York,4196,48,3032,Census Tract 782; Kings County; New York,4196,3404,792,36047078200
1400000US36047078400,Census Tract 784; Kings County; New York,93409,Census Tract 784; Kings County; New York,2334,1191,1143,Census Tract 784; Kings County; New York,2334,110,1579,Census Tract 784; Kings County; New York,2334,2155,179,36047078400
1400000US36047078601,Census Tract 786.01; Kings County; New York,84458,Census Tract 786.01; Kings County; New York,2182,980,1202,Census Tract 786.01; Kings County; New York,2182,190,1365,Census Tract 786.01; Kings County; New York,2182,2067,115,36047078601
1400000US36047078602,Census Tract 786.02; Kings County; New York,62237,Census Tract 786.02; Kings County; New York,2225,1024,1201,Census Tract 786.02; Kings County; New York,2225,146,1648,Census Tract 786.02; Kings County; New York,2225,1928,297,36047078602
1400000US36047078801,Census Tract 788.01; Kings County; New York,58493,Census Tract 788.01; Kings County; New York,1862,983,879,Census Tract 788.01; Kings County; New York,1862,204,1143,Census Tract 788.01; Kings County; New York,1862,1626,236,36047078801
1400000US36047078802,Census Tract 788.02; Kings County; New York,51037,Census Tract 788.02; Kings County; New York,1870,988,882,Census Tract 788.02; Kings County; New York,1870,12,1626,Census Tract 788.02; Kings County; New York,1870,1746,124,36047078802
1400000US36047079001,Census Tract 790.01; Kings County; New York,68977,Census Tract 790.01; Kings County; New York,1841,759,1082,Census Tract 790.01; Kings County; New York,1841,85,1475,Census Tract 790.01; Kings County; New York,1841,1700,141,36047079001
1400000US36047079002,Census Tract 790.02; Kings County; New York,59896,Census Tract 790.02; Kings County; New York,3182,1516,1666,Census Tract 790.02; Kings County; New York,3182,80,2126,Census Tract 790.02; Kings County; New York,3182,2646,536,36047079002
1400000US36047079201,Census Tract 792.01; Kings County; New York,86434,Census Tract 792.01; Kings County; New York,1418,571,847,Census Tract 792.01; Kings County; New York,1418,257,883,Census Tract 792.01; Kings County; New York,1418,1305,113,36047079201
1400000US36047079202,Census Tract 792.02; Kings County; New York,91143,Census Tract 792.02; Kings County; New York,2478,982,1496,Census Tract 792.02; Kings County; New York,2478,173,1641,Census Tract 792.02; Kings County; New York,2478,2073,405,36047079202
1400000US36047079400,Census Tract 794; Kings County; New York,97500,Census Tract 794; Kings County; New York,2385,855,1530,Census Tract 794; Kings County; New York,2385,172,1551,Census Tract 794; Kings County; New York,2385,1967,418,36047079400
1400000US36047079601,Census Tract 796.01; Kings County; New York,71509,Census Tract 796.01; Kings County; New York,3526,1601,1925,Census Tract 796.01; Kings County; New York,3526,903,1900,Census Tract 796.01; Kings County; New York,3526,3065,461,36047079601
1400000US36047079602,Census Tract 796.02; Kings County; New York,87847,Census Tract 796.02; Kings County; New York,6091,3092,2999,Census Tract 796.02; Kings County; New York,6091,1106,2916,Census Tract 796.02; Kings County; New York,6091,4067,2024,36047079602
1400000US36047079801,Census Tract 798.01; Kings County; New York,79054,Census Tract 798.01; Kings County; New York,3245,1414,1831,Census Tract 798.01; Kings County; New York,3245,1167,1421,Census Tract 798.01; Kings County; New York,3245,3066,179,36047079801
1400000US36047079802,Census Tract 798.02; Kings County; New York,98516,Census Tract 798.02; Kings County; New York,5013,2503,2510,Census Tract 798.02; Kings County; New York,5013,1376,2499,Census Tract 798.02; Kings County; New York,5013,4502,511,36047079802
1400000US36047080000,Census Tract 800; Kings County; New York,106250,Census Tract 800; Kings County; New York,3386,1390,1996,Census Tract 800; Kings County; New York,3386,1005,1656,Census Tract 800; Kings County; New York,3386,2897,489,36047080000
1400000US36047080200,Census Tract 802; Kings County; New York,96627,Census Tract 802; Kings County; New York,4088,1754,2334,Census Tract 802; Kings County; New York,4088,776,2735,Census Tract 802; Kings County; New York,4088,3674,414,36047080200
1400000US36047080400,Census Tract 804; Kings County; New York,56250,Census Tract 804; Kings County; New York,2893,1436,1457,Census Tract 804; Kings County; New York,2893,630,1710,Census Tract 804; Kings County; New York,2893,2605,288,36047080400
1400000US36047080600,Census Tract 806; Kings County; New York,68400,Census Tract 806; Kings County; New York,3647,1645,2002,Census Tract 806; Kings County; New York,3647,1293,1960,Census Tract 806; Kings County; New York,3647,3483,164,36047080600
1400000US36047080800,Census Tract 808; Kings County; New York,12132,Census Tract 808; Kings County; New York,2071,1091,980,Census Tract 808; Kings County; New York,2071,443,1172,Census Tract 808; Kings County; New York,2071,1570,501,36047080800
1400000US36047081000,Census Tract 810; Kings County; New York,83362,Census Tract 810; Kings County; New York,2063,632,1431,Census Tract 810; Kings County; New York,2063,191,1634,Census Tract 810; Kings County; New York,2063,1989,74,36047081000
1400000US36047081400,Census Tract 814; Kings County; New York,52250,Census Tract 814; Kings County; New York,2628,1326,1302,Census Tract 814; Kings County; New York,2628,314,2104,Census Tract 814; Kings County; New York,2628,2542,86,36047081400
1400000US36047081600,Census Tract 816; Kings County; New York,109043,Census Tract 816; Kings County; New York,2988,1364,1624,Census Tract 816; Kings County; New York,2988,283,2219,Census Tract 816; Kings County; New York,2988,2698,290,36047081600
1400000US36047081800,Census Tract 818; Kings County; New York,73463,Census Tract 818; Kings County; New York,4556,1673,2883,Census Tract 818; Kings County; New York,4556,694,3222,Census Tract 818; Kings County; New York,4556,4256,300,36047081800
1400000US36047082000,Census Tract 820; Kings County; New York,61548,Census Tract 820; Kings County; New York,4830,2102,2728,Census Tract 820; Kings County; New York,4830,659,3481,Census Tract 820; Kings County; New York,4830,4558,272,36047082000
1400000US36047082200,Census Tract 822; Kings County; New York,87104,Census Tract 822; Kings County; New York,7682,3668,4014,Census Tract 822; Kings County; New York,7682,763,5917,Census Tract 822; Kings County; New York,7682,7226,456,36047082200
1400000US36047082400,Census Tract 824; Kings County; New York,69886,Census Tract 824; Kings County; New York,5862,2877,2985,Census Tract 824; Kings County; New York,5862,252,4465,Census Tract 824; Kings County; New York,5862,5269,593,36047082400
1400000US36047082600,Census Tract 826; Kings County; New York,69732,Census Tract 826; Kings County; New York,4607,2155,2452,Census Tract 826; Kings County; New York,4607,202,3844,Census Tract 826; Kings County; New York,4607,4311,296,36047082600
1400000US36047082800,Census Tract 828; Kings County; New York,74076,Census Tract 828; Kings County; New York,3882,1715,2167,Census Tract 828; Kings County; New York,3882,298,3045,Census Tract 828; Kings County; New York,3882,3666,216,36047082800
1400000US36047083000,Census Tract 830; Kings County; New York,81016,Census Tract 830; Kings County; New York,6040,3191,2849,Census Tract 830; Kings County; New York,6040,111,5108,Census Tract 830; Kings County; New York,6040,5373,667,36047083000
1400000US36047083200,Census Tract 832; Kings County; New York,97104,Census Tract 832; Kings County; New York,2227,933,1294,Census Tract 832; Kings County; New York,2227,25,1817,Census Tract 832; Kings County; New York,2227,2195,32,36047083200
1400000US36047083400,Census Tract 834; Kings County; New York,90625,Census Tract 834; Kings County; New York,1580,661,919,Census Tract 834; Kings County; New York,1580,33,1095,Census Tract 834; Kings County; New York,1580,1510,70,36047083400
1400000US36047083600,Census Tract 836; Kings County; New York,82464,Census Tract 836; Kings County; New York,1876,756,1120,Census Tract 836; Kings County; New York,1876,36,1477,Census Tract 836; Kings County; New York,1876,1746,130,36047083600
1400000US36047083800,Census Tract 838; Kings County; New York,58625,Census Tract 838; Kings County; New York,1802,803,999,Census Tract 838; Kings County; New York,1802,15,1536,Census Tract 838; Kings County; New York,1802,1725,77,36047083800
1400000US36047084000,Census Tract 840; Kings County; New York,76607,Census Tract 840; Kings County; New York,2378,1177,1201,Census Tract 840; Kings County; New York,2378,33,2002,Census Tract 840; Kings County; New York,2378,2227,151,36047084000
1400000US36047084600,Census Tract 846; Kings County; New York,68555,Census Tract 846; Kings County; New York,1991,884,1107,Census Tract 846; Kings County; New York,1991,32,1577,Census Tract 846; Kings County; New York,1991,1979,12,36047084600
1400000US36047084800,Census Tract 848; Kings County; New York,92578,Census Tract 848; Kings County; New York,1508,898,610,Census Tract 848; Kings County; New York,1508,11,1366,Census Tract 848; Kings County; New York,1508,1382,126,36047084800
1400000US36047085000,Census Tract 850; Kings County; New York,120179,Census Tract 850; Kings County; New York,1486,718,768,Census Tract 850; Kings County; New York,1486,44,1339,Census Tract 850; Kings County; New York,1486,1432,54,36047085000
1400000US36047085200,Census Tract 852; Kings County; New York,-,Census Tract 852; Kings County; New York,22,7,15,Census Tract 852; Kings County; New York,22,0,22,Census Tract 852; Kings County; New York,22,22,0,36047085200
1400000US36047085400,Census Tract 854; Kings County; New York,71042,Census Tract 854; Kings County; New York,2147,981,1166,Census Tract 854; Kings County; New York,2147,81,1613,Census Tract 854; Kings County; New York,2147,2035,112,36047085400
1400000US36047085600,Census Tract 856; Kings County; New York,91061,Census Tract 856; Kings County; New York,3458,1606,1852,Census Tract 856; Kings County; New York,3458,89,2912,Census Tract 856; Kings County; New York,3458,3331,127,36047085600
1400000US36047085800,Census Tract 858; Kings County; New York,57105,Census Tract 858; Kings County; New York,1813,887,926,Census Tract 858; Kings County; New York,1813,30,1383,Census Tract 858; Kings County; New York,1813,1754,59,36047085800
1400000US36047086000,Census Tract 860; Kings County; New York,75528,Census Tract 860; Kings County; New York,2707,1249,1458,Census Tract 860; Kings County; New York,2707,10,2387,Census Tract 860; Kings County; New York,2707,2546,161,36047086000
1400000US36047086200,Census Tract 862; Kings County; New York,56386,Census Tract 862; Kings County; New York,2897,1280,1617,Census Tract 862; Kings County; New York,2897,49,2397,Census Tract 862; Kings County; New York,2897,2566,331,36047086200
1400000US36047086400,Census Tract 864; Kings County; New York,62206,Census Tract 864; Kings County; New York,2207,997,1210,Census Tract 864; Kings County; New York,2207,66,1753,Census Tract 864; Kings County; New York,2207,1963,244,36047086400
1400000US36047086600,Census Tract 866; Kings County; New York,77728,Census Tract 866; Kings County; New York,3252,1469,1783,Census Tract 866; Kings County; New York,3252,245,2422,Census Tract 866; Kings County; New York,3252,2897,355,36047086600
1400000US36047086800,Census Tract 868; Kings County; New York,47708,Census Tract 868; Kings County; New York,3091,1352,1739,Census Tract 868; Kings County; New York,3091,80,2701,Census Tract 868; Kings County; New York,3091,2981,110,36047086800
1400000US36047087000,Census Tract 870; Kings County; New York,57366,Census Tract 870; Kings County; New York,3132,1521,1611,Census Tract 870; Kings County; New York,3132,176,2417,Census Tract 870; Kings County; New York,3132,2656,476,36047087000
1400000US36047087200,Census Tract 872; Kings County; New York,80372,Census Tract 872; Kings County; New York,3170,1502,1668,Census Tract 872; Kings County; New York,3170,220,2428,Census Tract 872; Kings County; New York,3170,3109,61,36047087200
1400000US36047087401,Census Tract 874.01; Kings County; New York,35298,Census Tract 874.01; Kings County; New York,3069,1493,1576,Census Tract 874.01; Kings County; New York,3069,444,2168,Census Tract 874.01; Kings County; New York,3069,2880,189,36047087401
1400000US36047087600,Census Tract 876; Kings County; New York,46789,Census Tract 876; Kings County; New York,1917,834,1083,Census Tract 876; Kings County; New York,1917,538,1067,Census Tract 876; Kings County; New York,1917,1814,103,36047087600
1400000US36047087800,Census Tract 878; Kings County; New York,57900,Census Tract 878; Kings County; New York,2691,1272,1419,Census Tract 878; Kings County; New York,2691,58,2166,Census Tract 878; Kings County; New York,2691,2570,121,36047087800
1400000US36047088001,Census Tract 880.01; Kings County; New York,60500,Census Tract 880.01; Kings County; New York,1882,631,1251,Census Tract 880.01; Kings County; New York,1882,1,1526,Census Tract 880.01; Kings County; New York,1882,1596,286,36047088001
1400000US36047088002,Census Tract 880.02; Kings County; New York,103529,Census Tract 880.02; Kings County; New York,1166,468,698,Census Tract 880.02; Kings County; New York,1166,340,657,Census Tract 880.02; Kings County; New York,1166,1099,67,36047088002
1400000US36047088200,Census Tract 882; Kings County; New York,48028,Census Tract 882; Kings County; New York,7033,2753,4280,Census Tract 882; Kings County; New York,7033,810,4911,Census Tract 882; Kings County; New York,7033,6532,501,36047088200
1400000US36047088400,Census Tract 884; Kings County; New York,47269,Census Tract 884; Kings County; New York,5493,2631,2862,Census Tract 884; Kings County; New York,5493,57,4168,Census Tract 884; Kings County; New York,5493,5241,252,36047088400
1400000US36047088600,Census Tract 886; Kings County; New York,54158,Census Tract 886; Kings County; New York,3997,1774,2223,Census Tract 886; Kings County; New York,3997,143,3580,Census Tract 886; Kings County; New York,3997,3796,201,36047088600
1400000US36047088800,Census Tract 888; Kings County; New York,61346,Census Tract 888; Kings County; New York,4118,1831,2287,Census Tract 888; Kings County; New York,4118,15,3066,Census Tract 888; Kings County; New York,4118,3675,443,36047088800
1400000US36047089000,Census Tract 890; Kings County; New York,59583,Census Tract 890; Kings County; New York,6919,3332,3587,Census Tract 890; Kings County; New York,6919,160,6042,Census Tract 890; Kings County; New York,6919,6448,471,36047089000
1400000US36047089200,Census Tract 892; Kings County; New York,31496,Census Tract 892; Kings County; New York,3642,1555,2087,Census Tract 892; Kings County; New York,3642,121,3219,Census Tract 892; Kings County; New York,3642,3429,213,36047089200
1400000US36047089400,Census Tract 894; Kings County; New York,62157,Census Tract 894; Kings County; New York,3717,1303,2414,Census Tract 894; Kings County; New York,3717,44,3393,Census Tract 894; Kings County; New York,3717,3479,238,36047089400
1400000US36047089600,Census Tract 896; Kings County; New York,-,Census Tract 896; Kings County; New York,3660,2182,1478,Census Tract 896; Kings County; New York,3660,419,2485,Census Tract 896; Kings County; New York,3660,3035,625,36047089600
1400000US36047089800,Census Tract 898; Kings County; New York,79554,Census Tract 898; Kings County; New York,2260,849,1411,Census Tract 898; Kings County; New York,2260,69,1272,Census Tract 898; Kings County; New York,2260,2085,175,36047089800
1400000US36047090000,Census Tract 900; Kings County; New York,22396,Census Tract 900; Kings County; New York,4556,2131,2425,Census Tract 900; Kings County; New York,4556,297,3541,Census Tract 900; Kings County; New York,4556,3716,840,36047090000
1400000US36047090200,Census Tract 902; Kings County; New York,42424,Census Tract 902; Kings County; New York,3886,1678,2208,Census Tract 902; Kings County; New York,3886,216,2523,Census Tract 902; Kings County; New York,3886,3017,869,36047090200
1400000US36047090600,Census Tract 906; Kings County; New York,27706,Census Tract 906; Kings County; New York,4404,1475,2929,Census Tract 906; Kings County; New York,4404,7,3165,Census Tract 906; Kings County; New York,4404,3285,1119,36047090600
1400000US36047090800,Census Tract 908; Kings County; New York,31003,Census Tract 908; Kings County; New York,6456,1933,4523,Census Tract 908; Kings County; New York,6456,575,3298,Census Tract 908; Kings County; New York,6456,3672,2784,36047090800
1400000US36047091000,Census Tract 910; Kings County; New York,17028,Census Tract 910; Kings County; New York,5939,2909,3030,Census Tract 910; Kings County; New York,5939,685,2708,Census Tract 910; Kings County; New York,5939,3141,2798,36047091000
1400000US36047091200,Census Tract 912; Kings County; New York,21840,Census Tract 912; Kings County; New York,6710,2785,3925,Census Tract 912; Kings County; New York,6710,741,4047,Census Tract 912; Kings County; New York,6710,4523,2187,36047091200
1400000US36047091600,Census Tract 916; Kings County; New York,43109,Census Tract 916; Kings County; New York,4650,2111,2539,Census Tract 916; Kings County; New York,4650,263,3397,Census Tract 916; Kings County; New York,4650,3842,808,36047091600
1400000US36047091800,Census Tract 918; Kings County; New York,46657,Census Tract 918; Kings County; New York,2546,1027,1519,Census Tract 918; Kings County; New York,2546,174,1473,Census Tract 918; Kings County; New York,2546,1385,1161,36047091800
1400000US36047092000,Census Tract 920; Kings County; New York,43901,Census Tract 920; Kings County; New York,2850,933,1917,Census Tract 920; Kings County; New York,2850,0,2486,Census Tract 920; Kings County; New York,2850,2630,220,36047092000
1400000US36047092200,Census Tract 922; Kings County; New York,50603,Census Tract 922; Kings County; New York,2990,1330,1660,Census Tract 922; Kings County; New York,2990,494,1822,Census Tract 922; Kings County; New York,2990,2191,799,36047092200
1400000US36047092400,Census Tract 924; Kings County; New York,33231,Census Tract 924; Kings County; New York,3026,1414,1612,Census Tract 924; Kings County; New York,3026,327,2297,Census Tract 924; Kings County; New York,3026,2631,395,36047092400
1400000US36047092800,Census Tract 928; Kings County; New York,86313,Census Tract 928; Kings County; New York,2401,883,1518,Census Tract 928; Kings County; New York,2401,8,2072,Census Tract 928; Kings County; New York,2401,2266,135,36047092800
1400000US36047093000,Census Tract 930; Kings County; New York,96250,Census Tract 930; Kings County; New York,3011,1244,1767,Census Tract 930; Kings County; New York,3011,1,2643,Census Tract 930; Kings County; New York,3011,2939,72,36047093000
1400000US36047093200,Census Tract 932; Kings County; New York,-,Census Tract 932; Kings County; New York,1508,702,806,Census Tract 932; Kings County; New York,1508,46,1155,Census Tract 932; Kings County; New York,1508,1282,226,36047093200
1400000US36047093400,Census Tract 934; Kings County; New York,83357,Census Tract 934; Kings County; New York,2430,1049,1381,Census Tract 934; Kings County; New York,2430,63,1978,Census Tract 934; Kings County; New York,2430,2234,196,36047093400
1400000US36047093600,Census Tract 936; Kings County; New York,78929,Census Tract 936; Kings County; New York,1565,788,777,Census Tract 936; Kings County; New York,1565,10,1468,Census Tract 936; Kings County; New York,1565,1551,14,36047093600
1400000US36047093800,Census Tract 938; Kings County; New York,74781,Census Tract 938; Kings County; New York,2511,1148,1363,Census Tract 938; Kings County; New York,2511,162,1991,Census Tract 938; Kings County; New York,2511,2444,67,36047093800
1400000US36047094401,Census Tract 944.01; Kings County; New York,85607,Census Tract 944.01; Kings County; New York,3056,1472,1584,Census Tract 944.01; Kings County; New York,3056,91,2644,Census Tract 944.01; Kings County; New York,3056,2897,159,36047094401
1400000US36047094402,Census Tract 944.02; Kings County; New York,27044,Census Tract 944.02; Kings County; New York,3122,945,2177,Census Tract 944.02; Kings County; New York,3122,97,2737,Census Tract 944.02; Kings County; New York,3122,2820,302,36047094402
1400000US36047094600,Census Tract 946; Kings County; New York,93819,Census Tract 946; Kings County; New York,1985,939,1046,Census Tract 946; Kings County; New York,1985,2,1732,Census Tract 946; Kings County; New York,1985,1877,108,36047094600
1400000US36047095000,Census Tract 950; Kings County; New York,92895,Census Tract 950; Kings County; New York,2592,1346,1246,Census Tract 950; Kings County; New York,2592,88,2195,Census Tract 950; Kings County; New York,2592,2286,306,36047095000
1400000US36047095400,Census Tract 954; Kings County; New York,95081,Census Tract 954; Kings County; New York,4167,1835,2332,Census Tract 954; Kings County; New York,4167,89,3770,Census Tract 954; Kings County; New York,4167,4048,119,36047095400
1400000US36047095600,Census Tract 956; Kings County; New York,100404,Census Tract 956; Kings County; New York,4054,1777,2277,Census Tract 956; Kings County; New York,4054,155,3624,Census Tract 956; Kings County; New York,4054,3980,74,36047095600
1400000US36047095800,Census Tract 958; Kings County; New York,67091,Census Tract 958; Kings County; New York,2987,1436,1551,Census Tract 958; Kings County; New York,2987,195,2272,Census Tract 958; Kings County; New York,2987,2659,328,36047095800
1400000US36047096000,Census Tract 960; Kings County; New York,-,Census Tract 960; Kings County; New York,0,0,0,Census Tract 960; Kings County; New York,0,0,0,Census Tract 960; Kings County; New York,0,0,0,36047096000
1400000US36047096200,Census Tract 962; Kings County; New York,96500,Census Tract 962; Kings County; New York,1529,769,760,Census Tract 962; Kings County; New York,1529,88,1196,Census Tract 962; Kings County; New York,1529,1382,147,36047096200
1400000US36047096400,Census Tract 964; Kings County; New York,82350,Census Tract 964; Kings County; New York,2476,1249,1227,Census Tract 964; Kings County; New York,2476,59,1914,Census Tract 964; Kings County; New York,2476,2218,258,36047096400
1400000US36047096600,Census Tract 966; Kings County; New York,72396,Census Tract 966; Kings County; New York,2138,835,1303,Census Tract 966; Kings County; New York,2138,61,1519,Census Tract 966; Kings County; New York,2138,1953,185,36047096600
1400000US36047096800,Census Tract 968; Kings County; New York,90357,Census Tract 968; Kings County; New York,1396,682,714,Census Tract 968; Kings County; New York,1396,97,727,Census Tract 968; Kings County; New York,1396,975,421,36047096800
1400000US36047097000,Census Tract 970; Kings County; New York,102566,Census Tract 970; Kings County; New York,2301,1012,1289,Census Tract 970; Kings County; New York,2301,220,1634,Census Tract 970; Kings County; New York,2301,2048,253,36047097000
1400000US36047097400,Census Tract 974; Kings County; New York,80769,Census Tract 974; Kings County; New York,2516,1150,1366,Census Tract 974; Kings County; New York,2516,311,1757,Census Tract 974; Kings County; New York,2516,2080,436,36047097400
1400000US36047098200,Census Tract 982; Kings County; New York,23580,Census Tract 982; Kings County; New York,4124,1412,2712,Census Tract 982; Kings County; New York,4124,76,3084,Census Tract 982; Kings County; New York,4124,3029,1095,36047098200
1400000US36047098400,Census Tract 984; Kings County; New York,114292,Census Tract 984; Kings County; New York,1989,1047,942,Census Tract 984; Kings County; New York,1989,38,1833,Census Tract 984; Kings County; New York,1989,1956,33,36047098400
1400000US36047098600,Census Tract 986; Kings County; New York,98750,Census Tract 986; Kings County; New York,2486,1075,1411,Census Tract 986; Kings County; New York,2486,132,1844,Census Tract 986; Kings County; New York,2486,2294,192,36047098600
1400000US36047098800,Census Tract 988; Kings County; New York,78892,Census Tract 988; Kings County; New York,2926,1353,1573,Census Tract 988; Kings County; New York,2926,136,2487,Census Tract 988; Kings County; New York,2926,2798,128,36047098800
1400000US36047099000,Census Tract 990; Kings County; New York,91848,Census Tract 990; Kings County; New York,1484,762,722,Census Tract 990; Kings County; New York,1484,7,1266,Census Tract 990; Kings County; New York,1484,1394,90,36047099000
1400000US36047099200,Census Tract 992; Kings County; New York,90897,Census Tract 992; Kings County; New York,1805,753,1052,Census Tract 992; Kings County; New York,1805,86,1462,Census Tract 992; Kings County; New York,1805,1699,106,36047099200
1400000US36047099400,Census Tract 994; Kings County; New York,92730,Census Tract 994; Kings County; New York,1860,901,959,Census Tract 994; Kings County; New York,1860,106,1580,Census Tract 994; Kings County; New York,1860,1759,101,36047099400
1400000US36047099600,Census Tract 996; Kings County; New York,83462,Census Tract 996; Kings County; New York,3508,1756,1752,Census Tract 996; Kings County; New York,3508,134,2760,Census Tract 996; Kings County; New York,3508,2947,561,36047099600
1400000US36047099800,Census Tract 998; Kings County; New York,99609,Census Tract 998; Kings County; New York,3834,1650,2184,Census Tract 998; Kings County; New York,3834,150,3529,Census Tract 998; Kings County; New York,3834,3706,128,36047099800
1400000US36047100400,Census Tract 1004; Kings County; New York,80772,Census Tract 1004; Kings County; New York,2797,1220,1577,Census Tract 1004; Kings County; New York,2797,100,2389,Census Tract 1004; Kings County; New York,2797,2670,127,36047100400
1400000US36047100600,Census Tract 1006; Kings County; New York,108088,Census Tract 1006; Kings County; New York,2533,1268,1265,Census Tract 1006; Kings County; New York,2533,76,2163,Census Tract 1006; Kings County; New York,2533,2435,98,36047100600
1400000US36047100800,Census Tract 1008; Kings County; New York,87800,Census Tract 1008; Kings County; New York,2202,1135,1067,Census Tract 1008; Kings County; New York,2202,197,1863,Census Tract 1008; Kings County; New York,2202,2067,135,36047100800
1400000US36047101000,Census Tract 1010; Kings County; New York,69700,Census Tract 1010; Kings County; New York,2860,1273,1587,Census Tract 1010; Kings County; New York,2860,224,2312,Census Tract 1010; Kings County; New York,2860,2630,230,36047101000
1400000US36047101200,Census Tract 1012; Kings County; New York,101953,Census Tract 1012; Kings County; New York,2176,1053,1123,Census Tract 1012; Kings County; New York,2176,48,1700,Census Tract 1012; Kings County; New York,2176,2134,42,36047101200
1400000US36047101400,Census Tract 1014; Kings County; New York,74219,Census Tract 1014; Kings County; New York,2057,970,1087,Census Tract 1014; Kings County; New York,2057,31,1869,Census Tract 1014; Kings County; New York,2057,1961,96,36047101400
1400000US36047101600,Census Tract 1016; Kings County; New York,173292,Census Tract 1016; Kings County; New York,1768,936,832,Census Tract 1016; Kings County; New York,1768,53,1456,Census Tract 1016; Kings County; New York,1768,1709,59,36047101600
1400000US36047101800,Census Tract 1018; Kings County; New York,97845,Census Tract 1018; Kings County; New York,1667,867,800,Census Tract 1018; Kings County; New York,1667,58,1428,Census Tract 1018; Kings County; New York,1667,1598,69,36047101800
1400000US36047102000,Census Tract 1020; Kings County; New York,120682,Census Tract 1020; Kings County; New York,2137,1017,1120,Census Tract 1020; Kings County; New York,2137,179,1675,Census Tract 1020; Kings County; New York,2137,2081,56,36047102000
1400000US36047102200,Census Tract 1022; Kings County; New York,88654,Census Tract 1022; Kings County; New York,2234,972,1262,Census Tract 1022; Kings County; New York,2234,379,1520,Census Tract 1022; Kings County; New York,2234,2084,150,36047102200
1400000US36047102400,Census Tract 1024; Kings County; New York,79087,Census Tract 1024; Kings County; New York,1873,1025,848,Census Tract 1024; Kings County; New York,1873,238,1446,Census Tract 1024; Kings County; New York,1873,1812,61,36047102400
1400000US36047102600,Census Tract 1026; Kings County; New York,87145,Census Tract 1026; Kings County; New York,2957,1398,1559,Census Tract 1026; Kings County; New York,2957,135,2247,Census Tract 1026; Kings County; New York,2957,2919,38,36047102600
1400000US36047102801,Census Tract 1028.01; Kings County; New York,75875,Census Tract 1028.01; Kings County; New York,1315,574,741,Census Tract 1028.01; Kings County; New York,1315,6,1056,Census Tract 1028.01; Kings County; New York,1315,1287,28,36047102801
1400000US36047102802,Census Tract 1028.02; Kings County; New York,-,Census Tract 1028.02; Kings County; New York,0,0,0,Census Tract 1028.02; Kings County; New York,0,0,0,Census Tract 1028.02; Kings County; New York,0,0,0,36047102802
1400000US36047103401,Census Tract 1034.01; Kings County; New York,17963,Census Tract 1034.01; Kings County; New York,4190,1643,2547,Census Tract 1034.01; Kings County; New York,4190,347,3183,Census Tract 1034.01; Kings County; New York,4190,3348,842,36047103401
1400000US36047103402,Census Tract 1034.02; Kings County; New York,-,Census Tract 1034.02; Kings County; New York,0,0,0,Census Tract 1034.02; Kings County; New York,0,0,0,Census Tract 1034.02; Kings County; New York,0,0,0,36047103402
1400000US36047105801,Census Tract 1058.01; Kings County; New York,20899,Census Tract 1058.01; Kings County; New York,6050,2423,3627,Census Tract 1058.01; Kings County; New York,6050,1456,3468,Census Tract 1058.01; Kings County; New York,6050,5157,893,36047105801
1400000US36047105804,Census Tract 1058.04; Kings County; New York,44059,Census Tract 1058.04; Kings County; New York,6145,2397,3748,Census Tract 1058.04; Kings County; New York,6145,984,3908,Census Tract 1058.04; Kings County; New York,6145,5102,1043,36047105804
1400000US36047107001,Census Tract 1070.01; Kings County; New York,53108,Census Tract 1070.01; Kings County; New York,3852,1486,2366,Census Tract 1070.01; Kings County; New York,3852,150,2397,Census Tract 1070.01; Kings County; New York,3852,2740,1112,36047107001
1400000US36047107002,Census Tract 1070.02; Kings County; New York,-,Census Tract 1070.02; Kings County; New York,0,0,0,Census Tract 1070.02; Kings County; New York,0,0,0,Census Tract 1070.02; Kings County; New York,0,0,0,36047107002
1400000US36047107003,Census Tract 1070.03; Kings County; New York,-,Census Tract 1070.03; Kings County; New York,0,0,0,Census Tract 1070.03; Kings County; New York,0,0,0,Census Tract 1070.03; Kings County; New York,0,0,0,36047107003
1400000US36047107800,Census Tract 1078; Kings County; New York,82540,Census Tract 1078; Kings County; New York,4067,1702,2365,Census Tract 1078; Kings County; New York,4067,163,3352,Census Tract 1078; Kings County; New York,4067,3533,534,36047107800
1400000US36047109800,Census Tract 1098; Kings County; New York,74673,Census Tract 1098; Kings County; New York,2515,1073,1442,Census Tract 1098; Kings County; New York,2515,94,1922,Census Tract 1098; Kings County; New York,2515,2314,201,36047109800
1400000US36047110400,Census Tract 1104; Kings County; New York,75833,Census Tract 1104; Kings County; New York,4571,2518,2053,Census Tract 1104; Kings County; New York,4571,130,3088,Census Tract 1104; Kings County; New York,4571,3595,976,36047110400
1400000US36047110600,Census Tract 1106; Kings County; New York,30198,Census Tract 1106; Kings County; New York,4583,1967,2616,Census Tract 1106; Kings County; New York,4583,143,3696,Census Tract 1106; Kings County; New York,4583,3801,782,36047110600
1400000US36047111000,Census Tract 1110; Kings County; New York,31218,Census Tract 1110; Kings County; New York,2856,1087,1769,Census Tract 1110; Kings County; New York,2856,83,2135,Census Tract 1110; Kings County; New York,2856,2053,803,36047111000
1400000US36047111600,Census Tract 1116; Kings County; New York,71593,Census Tract 1116; Kings County; New York,3674,1596,2078,Census Tract 1116; Kings County; New York,3674,54,2722,Census Tract 1116; Kings County; New York,3674,2833,841,36047111600
1400000US36047111800,Census Tract 1118; Kings County; New York,82773,Census Tract 1118; Kings County; New York,4004,2110,1894,Census Tract 1118; Kings County; New York,4004,458,1917,Census Tract 1118; Kings County; New York,4004,2818,1186,36047111800
1400000US36047112000,Census Tract 1120; Kings County; New York,67396,Census Tract 1120; Kings County; New York,3266,1498,1768,Census Tract 1120; Kings County; New York,3266,68,2269,Census Tract 1120; Kings County; New York,3266,2515,751,36047112000
1400000US36047112200,Census Tract 1122; Kings County; New York,28888,Census Tract 1122; Kings County; New York,3101,1442,1659,Census Tract 1122; Kings County; New York,3101,96,1970,Census Tract 1122; Kings County; New York,3101,2288,813,36047112200
1400000US36047112400,Census Tract 1124; Kings County; New York,49422,Census Tract 1124; Kings County; New York,3290,1434,1856,Census Tract 1124; Kings County; New York,3290,59,2960,Census Tract 1124; Kings County; New York,3290,2902,388,36047112400
1400000US36047112600,Census Tract 1126; Kings County; New York,73493,Census Tract 1126; Kings County; New York,4607,2281,2326,Census Tract 1126; Kings County; New York,4607,47,3692,Census Tract 1126; Kings County; New York,4607,3740,867,36047112600
1400000US36047112800,Census Tract 1128; Kings County; New York,54484,Census Tract 1128; Kings County; New York,4183,2077,2106,Census Tract 1128; Kings County; New York,4183,113,3142,Census Tract 1128; Kings County; New York,4183,3059,1124,36047112800
1400000US36047113000,Census Tract 1130; Kings County; New York,58547,Census Tract 1130; Kings County; New York,4303,1559,2744,Census Tract 1130; Kings County; New York,4303,175,3469,Census Tract 1130; Kings County; New York,4303,3348,955,36047113000
1400000US36047113200,Census Tract 1132; Kings County; New York,49306,Census Tract 1132; Kings County; New York,2552,822,1730,Census Tract 1132; Kings County; New York,2552,161,1844,Census Tract 1132; Kings County; New York,2552,2191,361,36047113200
1400000US36047113400,Census Tract 1134; Kings County; New York,26745,Census Tract 1134; Kings County; New York,2702,1109,1593,Census Tract 1134; Kings County; New York,2702,84,2063,Census Tract 1134; Kings County; New York,2702,1898,804,36047113400
1400000US36047114201,Census Tract 1142.01; Kings County; New York,41196,Census Tract 1142.01; Kings County; New York,1478,906,572,Census Tract 1142.01; Kings County; New York,1478,305,775,Census Tract 1142.01; Kings County; New York,1478,775,703,36047114201
1400000US36047114202,Census Tract 1142.02; Kings County; New York,63049,Census Tract 1142.02; Kings County; New York,2546,1321,1225,Census Tract 1142.02; Kings County; New York,2546,231,1007,Census Tract 1142.02; Kings County; New York,2546,824,1722,36047114202
1400000US36047114400,Census Tract 1144; Kings County; New York,75444,Census Tract 1144; Kings County; New York,2637,1247,1390,Census Tract 1144; Kings County; New York,2637,365,1759,Census Tract 1144; Kings County; New York,2637,1765,872,36047114400
1400000US36047114600,Census Tract 1146; Kings County; New York,72438,Census Tract 1146; Kings County; New York,3052,1466,1586,Census Tract 1146; Kings County; New York,3052,442,522,Census Tract 1146; Kings County; New York,3052,822,2230,36047114600
1400000US36047115000,Census Tract 1150; Kings County; New York,68944,Census Tract 1150; Kings County; New York,2937,1273,1664,Census Tract 1150; Kings County; New York,2937,221,1766,Census Tract 1150; Kings County; New York,2937,1864,1073,36047115000
1400000US36047115200,Census Tract 1152; Kings County; New York,-,Census Tract 1152; Kings County; New York,2877,1356,1521,Census Tract 1152; Kings County; New York,2877,522,1397,Census Tract 1152; Kings County; New York,2877,1812,1065,36047115200
1400000US36047115600,Census Tract 1156; Kings County; New York,21238,Census Tract 1156; Kings County; New York,4106,1504,2602,Census Tract 1156; Kings County; New York,4106,94,3031,Census Tract 1156; Kings County; New York,4106,2697,1409,36047115600
1400000US36047115800,Census Tract 1158; Kings County; New York,75764,Census Tract 1158; Kings County; New York,2528,1093,1435,Census Tract 1158; Kings County; New York,2528,207,1481,Census Tract 1158; Kings County; New York,2528,1827,701,36047115800
1400000US36047116000,Census Tract 1160; Kings County; New York,73244,Census Tract 1160; Kings County; New York,2566,1170,1396,Census Tract 1160; Kings County; New York,2566,591,1394,Census Tract 1160; Kings County; New York,2566,1683,883,36047116000
1400000US36047116200,Census Tract 1162; Kings County; New York,64100,Census Tract 1162; Kings County; New York,2538,1129,1409,Census Tract 1162; Kings County; New York,2538,94,1853,Census Tract 1162; Kings County; New York,2538,2182,356,36047116200
1400000US36047116400,Census Tract 1164; Kings County; New York,80125,Census Tract 1164; Kings County; New York,3745,1767,1978,Census Tract 1164; Kings County; New York,3745,276,2480,Census Tract 1164; Kings County; New York,3745,2913,832,36047116400
1400000US36047116600,Census Tract 1166; Kings County; New York,41086,Census Tract 1166; Kings County; New York,3172,1249,1923,Census Tract 1166; Kings County; New York,3172,200,1321,Census Tract 1166; Kings County; New York,3172,1870,1302,36047116600
1400000US36047116800,Census Tract 1168; Kings County; New York,83841,Census Tract 1168; Kings County; New York,2603,1108,1495,Census Tract 1168; Kings County; New York,2603,372,681,Census Tract 1168; Kings County; New York,2603,1201,1402,36047116800
1400000US36047117000,Census Tract 1170; Kings County; New York,-,Census Tract 1170; Kings County; New York,1878,739,1139,Census Tract 1170; Kings County; New York,1878,29,242,Census Tract 1170; Kings County; New York,1878,165,1713,36047117000
1400000US36047117201,Census Tract 1172.01; Kings County; New York,70179,Census Tract 1172.01; Kings County; New York,2004,910,1094,Census Tract 1172.01; Kings County; New York,2004,613,663,Census Tract 1172.01; Kings County; New York,2004,695,1309,36047117201
1400000US36047117202,Census Tract 1172.02; Kings County; New York,77401,Census Tract 1172.02; Kings County; New York,4640,2316,2324,Census Tract 1172.02; Kings County; New York,4640,885,1161,Census Tract 1172.02; Kings County; New York,4640,1496,3144,36047117202
1400000US36047117400,Census Tract 1174; Kings County; New York,47444,Census Tract 1174; Kings County; New York,3716,1659,2057,Census Tract 1174; Kings County; New York,3716,1003,593,Census Tract 1174; Kings County; New York,3716,1037,2679,36047117400
1400000US36047117601,Census Tract 1176.01; Kings County; New York,67222,Census Tract 1176.01; Kings County; New York,2815,1455,1360,Census Tract 1176.01; Kings County; New York,2815,434,1057,Census Tract 1176.01; Kings County; New York,2815,661,2154,36047117601
1400000US36047117602,Census Tract 1176.02; Kings County; New York,59071,Census Tract 1176.02; Kings County; New York,3076,1592,1484,Census Tract 1176.02; Kings County; New York,3076,996,247,Census Tract 1176.02; Kings County; New York,3076,905,2171,36047117602
1400000US36047117800,Census Tract 1178; Kings County; New York,52750,Census Tract 1178; Kings County; New York,1703,935,768,Census Tract 1178; Kings County; New York,1703,356,218,Census Tract 1178; Kings County; New York,1703,655,1048,36047117800
1400000US36047118000,Census Tract 1180; Kings County; New York,-,Census Tract 1180; Kings County; New York,0,0,0,Census Tract 1180; Kings County; New York,0,0,0,Census Tract 1180; Kings County; New York,0,0,0,36047118000
1400000US36047118201,Census Tract 1182.01; Kings County; New York,91167,Census Tract 1182.01; Kings County; New York,3561,1786,1775,Census Tract 1182.01; Kings County; New York,3561,470,631,Census Tract 1182.01; Kings County; New York,3561,958,2603,36047118201
1400000US36047118202,Census Tract 1182.02; Kings County; New York,88140,Census Tract 1182.02; Kings County; New York,3119,1456,1663,Census Tract 1182.02; Kings County; New York,3119,892,240,Census Tract 1182.02; Kings County; New York,3119,583,2536,36047118202
1400000US36047118400,Census Tract 1184; Kings County; New York,65766,Census Tract 1184; Kings County; New York,4880,2537,2343,Census Tract 1184; Kings County; New York,4880,1316,818,Census Tract 1184; Kings County; New York,4880,1284,3596,36047118400
1400000US36047118600,Census Tract 1186; Kings County; New York,83125,Census Tract 1186; Kings County; New York,3740,2044,1696,Census Tract 1186; Kings County; New York,3740,291,853,Census Tract 1186; Kings County; New York,3740,2288,1452,36047118600
1400000US36047118800,Census Tract 1188; Kings County; New York,60197,Census Tract 1188; Kings County; New York,5288,2665,2623,Census Tract 1188; Kings County; New York,5288,266,1448,Census Tract 1188; Kings County; New York,5288,4015,1273,36047118800
1400000US36047119000,Census Tract 1190; Kings County; New York,46979,Census Tract 1190; Kings County; New York,1877,896,981,Census Tract 1190; Kings County; New York,1877,168,635,Census Tract 1190; Kings County; New York,1877,887,990,36047119000
1400000US36047119200,Census Tract 1192; Kings County; New York,88705,Census Tract 1192; Kings County; New York,3649,1637,2012,Census Tract 1192; Kings County; New York,3649,308,1121,Census Tract 1192; Kings County; New York,3649,1851,1798,36047119200
1400000US36047119400,Census Tract 1194; Kings County; New York,71801,Census Tract 1194; Kings County; New York,5402,3180,2222,Census Tract 1194; Kings County; New York,5402,427,3037,Census Tract 1194; Kings County; New York,5402,4175,1227,36047119400
1400000US36047119600,Census Tract 1196; Kings County; New York,54177,Census Tract 1196; Kings County; New York,6608,3613,2995,Census Tract 1196; Kings County; New York,6608,315,2735,Census Tract 1196; Kings County; New York,6608,5097,1511,36047119600
1400000US36047119800,Census Tract 1198; Kings County; New York,46391,Census Tract 1198; Kings County; New York,4170,2233,1937,Census Tract 1198; Kings County; New York,4170,623,1158,Census Tract 1198; Kings County; New York,4170,874,3296,36047119800
1400000US36047120000,Census Tract 1200; Kings County; New York,47656,Census Tract 1200; Kings County; New York,2735,1357,1378,Census Tract 1200; Kings County; New York,2735,96,1117,Census Tract 1200; Kings County; New York,2735,2376,359,36047120000
1400000US36047120200,Census Tract 1202; Kings County; New York,119522,Census Tract 1202; Kings County; New York,2013,1016,997,Census Tract 1202; Kings County; New York,2013,241,327,Census Tract 1202; Kings County; New York,2013,1471,542,36047120200
1400000US36047120801,Census Tract 1208.01; Kings County; New York,58869,Census Tract 1208.01; Kings County; New York,4520,1938,2582,Census Tract 1208.01; Kings County; New York,4520,106,3038,Census Tract 1208.01; Kings County; New York,4520,3937,583,36047120801
1400000US36047120802,Census Tract 1208.02; Kings County; New York,33662,Census Tract 1208.02; Kings County; New York,4569,2056,2513,Census Tract 1208.02; Kings County; New York,4569,70,4370,Census Tract 1208.02; Kings County; New York,4569,3954,615,36047120802
1400000US36047120803,Census Tract 1208.03; Kings County; New York,49702,Census Tract 1208.03; Kings County; New York,1583,760,823,Census Tract 1208.03; Kings County; New York,1583,269,890,Census Tract 1208.03; Kings County; New York,1583,1169,414,36047120803
1400000US36047121000,Census Tract 1210; Kings County; New York,21985,Census Tract 1210; Kings County; New York,4050,1162,2888,Census Tract 1210; Kings County; New York,4050,592,2238,Census Tract 1210; Kings County; New York,4050,2101,1949,36047121000
1400000US36047121400,Census Tract 1214; Kings County; New York,37626,Census Tract 1214; Kings County; New York,4747,2370,2377,Census Tract 1214; Kings County; New York,4747,256,2953,Census Tract 1214; Kings County; New York,4747,2937,1810,36047121400
1400000US36047122000,Census Tract 1220; Kings County; New York,70268,Census Tract 1220; Kings County; New York,7587,3669,3918,Census Tract 1220; Kings County; New York,7587,56,6939,Census Tract 1220; Kings County; New York,7587,7251,336,36047122000
1400000US36047123700,Census Tract 1237; Kings County; New York,52649,Census Tract 1237; Kings County; New York,9320,5128,4192,Census Tract 1237; Kings County; New York,9320,8836,285,Census Tract 1237; Kings County; New York,9320,9023,297,36047123700
1400000US36047150200,Census Tract 1502; Kings County; New York,126364,Census Tract 1502; Kings County; New York,2807,1441,1366,Census Tract 1502; Kings County; New York,2807,2401,112,Census Tract 1502; Kings County; New York,2807,2532,275,36047150200
1400000US36047152200,Census Tract 1522; Kings County; New York,214297,Census Tract 1522; Kings County; New York,3064,1605,1459,Census Tract 1522; Kings County; New York,3064,1520,410,Census Tract 1522; Kings County; New York,3064,2844,220,36047152200
1400000US36047990100,Census Tract 9901; Kings County; New York,-,Census Tract 9901; Kings County; New York,0,0,0,Census Tract 9901; Kings County; New York,0,0,0,Census Tract 9901; Kings County; New York,0,0,0,36047990100
1400000US36061000100,Census Tract 1; New York County; New York,-,Census Tract 1; New York County; New York,0,0,0,Census Tract 1; New York County; New York,0,0,0,Census Tract 1; New York County; New York,0,0,0,36061000100
1400000US36061000201,Census Tract 2.01; New York County; New York,38657,Census Tract 2.01; New York County; New York,2568,1467,1101,Census Tract 2.01; New York County; New York,2568,300,419,Census Tract 2.01; New York County; New York,2568,1081,1487,36061000201
1400000US36061000202,Census Tract 2.02; New York County; New York,40182,Census Tract 2.02; New York County; New York,6934,3405,3529,Census Tract 2.02; New York County; New York,6934,2552,1023,Census Tract 2.02; New York County; New York,6934,4428,2506,36061000202
1400000US36061000500,Census Tract 5; New York County; New York,-,Census Tract 5; New York County; New York,0,0,0,Census Tract 5; New York County; New York,0,0,0,Census Tract 5; New York County; New York,0,0,0,36061000500
1400000US36061000600,Census Tract 6; New York County; New York,34473,Census Tract 6; New York County; New York,10179,5759,4420,Census Tract 6; New York County; New York,10179,1552,743,Census Tract 6; New York County; New York,10179,7201,2978,36061000600
1400000US36061000700,Census Tract 7; New York County; New York,197058,Census Tract 7; New York County; New York,9008,4539,4469,Census Tract 7; New York County; New York,9008,6247,380,Census Tract 7; New York County; New York,9008,8146,862,36061000700
1400000US36061000800,Census Tract 8; New York County; New York,33953,Census Tract 8; New York County; New York,8889,4800,4089,Census Tract 8; New York County; New York,8889,1210,45,Census Tract 8; New York County; New York,8889,8503,386,36061000800
1400000US36061000900,Census Tract 9; New York County; New York,222237,Census Tract 9; New York County; New York,1860,1141,719,Census Tract 9; New York County; New York,1860,1202,188,Census Tract 9; New York County; New York,1860,1663,197,36061000900
1400000US36061001001,Census Tract 10.01; New York County; New York,130417,Census Tract 10.01; New York County; New York,1720,829,891,Census Tract 10.01; New York County; New York,1720,1220,89,Census Tract 10.01; New York County; New York,1720,1465,255,36061001001
1400000US36061001002,Census Tract 10.02; New York County; New York,24350,Census Tract 10.02; New York County; New York,6098,2778,3320,Census Tract 10.02; New York County; New York,6098,775,1451,Census Tract 10.02; New York County; New York,6098,2656,3442,36061001002
1400000US36061001200,Census Tract 12; New York County; New York,105938,Census Tract 12; New York County; New York,4364,2266,2098,Census Tract 12; New York County; New York,4364,2382,123,Census Tract 12; New York County; New York,4364,3252,1112,36061001200
1400000US36061001300,Census Tract 13; New York County; New York,193984,Census Tract 13; New York County; New York,5371,2474,2897,Census Tract 13; New York County; New York,5371,3482,367,Census Tract 13; New York County; New York,5371,5228,143,36061001300
1400000US36061001401,Census Tract 14.01; New York County; New York,94076,Census Tract 14.01; New York County; New York,3395,1857,1538,Census Tract 14.01; New York County; New York,3395,2395,76,Census Tract 14.01; New York County; New York,3395,3025,370,36061001401
1400000US36061001402,Census Tract 14.02; New York County; New York,50347,Census Tract 14.02; New York County; New York,3449,1516,1933,Census Tract 14.02; New York County; New York,3449,1223,264,Census Tract 14.02; New York County; New York,3449,2636,813,36061001402
1400000US36061001501,Census Tract 15.01; New York County; New York,123750,Census Tract 15.01; New York County; New York,7777,2811,4966,Census Tract 15.01; New York County; New York,7777,4343,470,Census Tract 15.01; New York County; New York,7777,7489,288,36061001501
1400000US36061001502,Census Tract 15.02; New York County; New York,182348,Census Tract 15.02; New York County; New York,8485,4121,4364,Census Tract 15.02; New York County; New York,8485,5050,535,Census Tract 15.02; New York County; New York,8485,7725,760,36061001502
1400000US36061001600,Census Tract 16; New York County; New York,-,Census Tract 16; New York County; New York,7040,3435,3605,Census Tract 16; New York County; New York,7040,1851,160,Census Tract 16; New York County; New York,7040,6966,74,36061001600
1400000US36061001800,Census Tract 18; New York County; New York,79973,Census Tract 18; New York County; New York,6702,3416,3286,Census Tract 18; New York County; New York,6702,2502,418,Census Tract 18; New York County; New York,6702,5797,905,36061001800
1400000US36061002000,Census Tract 20; New York County; New York,24655,Census Tract 20; New York County; New York,4793,2123,2670,Census Tract 20; New York County; New York,4793,253,1048,Census Tract 20; New York County; New York,4793,2064,2729,36061002000
1400000US36061002100,Census Tract 21; New York County; New York,"250,000+",Census Tract 21; New York County; New York,7944,3309,4635,Census Tract 21; New York County; New York,7944,5723,571,Census Tract 21; New York County; New York,7944,7093,851,36061002100
1400000US36061002201,Census Tract 22.01; New York County; New York,38594,Census Tract 22.01; New York County; New York,6437,2988,3449,Census Tract 22.01; New York County; New York,6437,1940,1456,Census Tract 22.01; New York County; New York,6437,4454,1983,36061002201
1400000US36061002202,Census Tract 22.02; New York County; New York,137313,Census Tract 22.02; New York County; New York,2407,1319,1088,Census Tract 22.02; New York County; New York,2407,1465,203,Census Tract 22.02; New York County; New York,2407,1888,519,36061002202
1400000US36061002400,Census Tract 24; New York County; New York,20876,Census Tract 24; New York County; New York,4019,1833,2186,Census Tract 24; New York County; New York,4019,287,1014,Census Tract 24; New York County; New York,4019,1770,2249,36061002400
1400000US36061002500,Census Tract 25; New York County; New York,23737,Census Tract 25; New York County; New York,5070,2105,2965,Census Tract 25; New York County; New York,5070,437,1617,Census Tract 25; New York County; New York,5070,3328,1742,36061002500
1400000US36061002601,Census Tract 26.01; New York County; New York,32837,Census Tract 26.01; New York County; New York,4329,2334,1995,Census Tract 26.01; New York County; New York,4329,1350,776,Census Tract 26.01; New York County; New York,4329,2469,1860,36061002601
1400000US36061002602,Census Tract 26.02; New York County; New York,73899,Census Tract 26.02; New York County; New York,3431,1787,1644,Census Tract 26.02; New York County; New York,3431,2045,168,Census Tract 26.02; New York County; New York,3431,2878,553,36061002602
1400000US36061002700,Census Tract 27; New York County; New York,135000,Census Tract 27; New York County; New York,1191,632,559,Census Tract 27; New York County; New York,1191,287,1,Census Tract 27; New York County; New York,1191,1186,5,36061002700
1400000US36061002800,Census Tract 28; New York County; New York,75100,Census Tract 28; New York County; New York,6234,3014,3220,Census Tract 28; New York County; New York,6234,2591,537,Census Tract 28; New York County; New York,6234,4002,2232,36061002800
1400000US36061002901,Census Tract 29.01; New York County; New York,11612,Census Tract 29.01; New York County; New York,789,708,81,Census Tract 29.01; New York County; New York,789,204,279,Census Tract 29.01; New York County; New York,789,447,342,36061002901
1400000US36061002902,Census Tract 29.02; New York County; New York,-,Census Tract 29.02; New York County; New York,3832,1766,2066,Census Tract 29.02; New York County; New York,3832,462,0,Census Tract 29.02; New York County; New York,3832,3785,47,36061002902
1400000US36061003001,Census Tract 30.01; New York County; New York,102883,Census Tract 30.01; New York County; New York,4073,1879,2194,Census Tract 30.01; New York County; New York,4073,2382,449,Census Tract 30.01; New York County; New York,4073,3075,998,36061003001
1400000US36061003002,Census Tract 30.02; New York County; New York,70346,Census Tract 30.02; New York County; New York,2964,1232,1732,Census Tract 30.02; New York County; New York,2964,1521,323,Census Tract 30.02; New York County; New York,2964,2303,661,36061003002
1400000US36061003100,Census Tract 31; New York County; New York,225694,Census Tract 31; New York County; New York,2770,1455,1315,Census Tract 31; New York County; New York,2770,1303,321,Census Tract 31; New York County; New York,2770,2291,479,36061003100
1400000US36061003200,Census Tract 32; New York County; New York,92434,Census Tract 32; New York County; New York,7740,3993,3747,Census Tract 32; New York County; New York,7740,6017,117,Census Tract 32; New York County; New York,7740,6996,744,36061003200
1400000US36061003300,Census Tract 33; New York County; New York,"250,000+",Census Tract 33; New York County; New York,5574,2776,2798,Census Tract 33; New York County; New York,5574,4263,126,Census Tract 33; New York County; New York,5574,5292,282,36061003300
1400000US36061003400,Census Tract 34; New York County; New York,112030,Census Tract 34; New York County; New York,6474,3005,3469,Census Tract 34; New York County; New York,6474,4434,338,Census Tract 34; New York County; New York,6474,5490,984,36061003400
1400000US36061003601,Census Tract 36.01; New York County; New York,49869,Census Tract 36.01; New York County; New York,2935,1454,1481,Census Tract 36.01; New York County; New York,2935,1126,177,Census Tract 36.01; New York County; New York,2935,1889,1046,36061003601
1400000US36061003602,Census Tract 36.02; New York County; New York,136607,Census Tract 36.02; New York County; New York,3461,2176,1285,Census Tract 36.02; New York County; New York,3461,2289,334,Census Tract 36.02; New York County; New York,3461,2963,498,36061003602
1400000US36061003700,Census Tract 37; New York County; New York,"250,000+",Census Tract 37; New York County; New York,3528,1448,2080,Census Tract 37; New York County; New York,3528,2236,204,Census Tract 37; New York County; New York,3528,3225,303,36061003700
1400000US36061003800,Census Tract 38; New York County; New York,78526,Census Tract 38; New York County; New York,7393,3873,3520,Census Tract 38; New York County; New York,7393,4843,196,Census Tract 38; New York County; New York,7393,6282,1111,36061003800
1400000US36061003900,Census Tract 39; New York County; New York,184604,Census Tract 39; New York County; New York,6180,3101,3079,Census Tract 39; New York County; New York,6180,3804,249,Census Tract 39; New York County; New York,6180,5357,823,36061003900
1400000US36061004001,Census Tract 40.01; New York County; New York,153701,Census Tract 40.01; New York County; New York,3615,2002,1613,Census Tract 40.01; New York County; New York,3615,2654,45,Census Tract 40.01; New York County; New York,3615,3269,346,36061004001
1400000US36061004002,Census Tract 40.02; New York County; New York,154390,Census Tract 40.02; New York County; New York,6250,2639,3611,Census Tract 40.02; New York County; New York,6250,3989,411,Census Tract 40.02; New York County; New York,6250,5468,782,36061004002
1400000US36061004100,Census Tract 41; New York County; New York,96461,Census Tract 41; New York County; New York,6815,2973,3842,Census Tract 41; New York County; New York,6815,3557,194,Census Tract 41; New York County; New York,6815,6425,390,36061004100
1400000US36061004200,Census Tract 42; New York County; New York,166447,Census Tract 42; New York County; New York,5302,2275,3027,Census Tract 42; New York County; New York,5302,2912,342,Census Tract 42; New York County; New York,5302,4621,681,36061004200
1400000US36061004300,Census Tract 43; New York County; New York,93816,Census Tract 43; New York County; New York,3590,1657,1933,Census Tract 43; New York County; New York,3590,2233,108,Census Tract 43; New York County; New York,3590,2825,765,36061004300
1400000US36061004400,Census Tract 44; New York County; New York,150697,Census Tract 44; New York County; New York,16684,8846,7838,Census Tract 44; New York County; New York,16684,12517,659,Census Tract 44; New York County; New York,16684,14679,2005,36061004400
1400000US36061004500,Census Tract 45; New York County; New York,185208,Census Tract 45; New York County; New York,1047,530,517,Census Tract 45; New York County; New York,1047,779,21,Census Tract 45; New York County; New York,1047,1006,41,36061004500
1400000US36061004700,Census Tract 47; New York County; New York,156000,Census Tract 47; New York County; New York,2619,1374,1245,Census Tract 47; New York County; New York,2619,2053,0,Census Tract 47; New York County; New York,2619,2463,156,36061004700
1400000US36061004800,Census Tract 48; New York County; New York,171472,Census Tract 48; New York County; New York,6660,3166,3494,Census Tract 48; New York County; New York,6660,4676,298,Census Tract 48; New York County; New York,6660,6155,505,36061004800
1400000US36061004900,Census Tract 49; New York County; New York,151546,Census Tract 49; New York County; New York,4568,2138,2430,Census Tract 49; New York County; New York,4568,3689,70,Census Tract 49; New York County; New York,4568,4165,403,36061004900
1400000US36061005000,Census Tract 50; New York County; New York,190380,Census Tract 50; New York County; New York,4780,2265,2515,Census Tract 50; New York County; New York,4780,3534,89,Census Tract 50; New York County; New York,4780,4637,143,36061005000
1400000US36061005200,Census Tract 52; New York County; New York,229963,Census Tract 52; New York County; New York,3349,1668,1681,Census Tract 52; New York County; New York,3349,2374,197,Census Tract 52; New York County; New York,3349,3074,275,36061005200
1400000US36061005400,Census Tract 54; New York County; New York,139891,Census Tract 54; New York County; New York,4721,2370,2351,Census Tract 54; New York County; New York,4721,3567,132,Census Tract 54; New York County; New York,4721,4351,370,36061005400
1400000US36061005501,Census Tract 55.01; New York County; New York,230167,Census Tract 55.01; New York County; New York,5581,3152,2429,Census Tract 55.01; New York County; New York,5581,3015,400,Census Tract 55.01; New York County; New York,5581,5083,498,36061005501
1400000US36061005502,Census Tract 55.02; New York County; New York,149853,Census Tract 55.02; New York County; New York,1933,1002,931,Census Tract 55.02; New York County; New York,1933,1346,41,Census Tract 55.02; New York County; New York,1933,1708,225,36061005502
1400000US36061005600,Census Tract 56; New York County; New York,228750,Census Tract 56; New York County; New York,4071,2129,1942,Census Tract 56; New York County; New York,4071,2126,379,Census Tract 56; New York County; New York,4071,3170,901,36061005600
1400000US36061005700,Census Tract 57; New York County; New York,222237,Census Tract 57; New York County; New York,2865,1300,1565,Census Tract 57; New York County; New York,2865,2418,20,Census Tract 57; New York County; New York,2865,2724,141,36061005700
1400000US36061005800,Census Tract 58; New York County; New York,221875,Census Tract 58; New York County; New York,4412,2365,2047,Census Tract 58; New York County; New York,4412,2690,362,Census Tract 58; New York County; New York,4412,4028,384,36061005800
1400000US36061005900,Census Tract 59; New York County; New York,163583,Census Tract 59; New York County; New York,5098,2473,2625,Census Tract 59; New York County; New York,5098,3824,187,Census Tract 59; New York County; New York,5098,4766,332,36061005900
1400000US36061006000,Census Tract 60; New York County; New York,206087,Census Tract 60; New York County; New York,5279,2571,2708,Census Tract 60; New York County; New York,5279,4056,169,Census Tract 60; New York County; New York,5279,4907,372,36061006000
1400000US36061006100,Census Tract 61; New York County; New York,244014,Census Tract 61; New York County; New York,4970,2569,2401,Census Tract 61; New York County; New York,4970,2624,267,Census Tract 61; New York County; New York,4970,4530,440,36061006100
1400000US36061006200,Census Tract 62; New York County; New York,101598,Census Tract 62; New York County; New York,4303,2243,2060,Census Tract 62; New York County; New York,4303,1868,778,Census Tract 62; New York County; New York,4303,3564,739,36061006200
1400000US36061006300,Census Tract 63; New York County; New York,176827,Census Tract 63; New York County; New York,5843,2807,3036,Census Tract 63; New York County; New York,5843,4999,78,Census Tract 63; New York County; New York,5843,5491,352,36061006300
1400000US36061006400,Census Tract 64; New York County; New York,113556,Census Tract 64; New York County; New York,7939,3335,4604,Census Tract 64; New York County; New York,7939,5710,713,Census Tract 64; New York County; New York,7939,7248,691,36061006400
1400000US36061006500,Census Tract 65; New York County; New York,119467,Census Tract 65; New York County; New York,5227,2148,3079,Census Tract 65; New York County; New York,5227,4122,195,Census Tract 65; New York County; New York,5227,4787,440,36061006500
1400000US36061006600,Census Tract 66; New York County; New York,135367,Census Tract 66; New York County; New York,11510,5409,6101,Census Tract 66; New York County; New York,11510,6728,975,Census Tract 66; New York County; New York,11510,10147,1363,36061006600
1400000US36061006700,Census Tract 67; New York County; New York,129494,Census Tract 67; New York County; New York,4928,2555,2373,Census Tract 67; New York County; New York,4928,4060,187,Census Tract 67; New York County; New York,4928,4497,431,36061006700
1400000US36061006800,Census Tract 68; New York County; New York,153913,Census Tract 68; New York County; New York,7144,3538,3606,Census Tract 68; New York County; New York,7144,4841,632,Census Tract 68; New York County; New York,7144,6523,621,36061006800
1400000US36061006900,Census Tract 69; New York County; New York,239038,Census Tract 69; New York County; New York,2570,1296,1274,Census Tract 69; New York County; New York,2570,2038,30,Census Tract 69; New York County; New York,2570,2189,381,36061006900
1400000US36061007001,Census Tract 70.01; New York County; New York,157802,Census Tract 70.01; New York County; New York,4195,2245,1950,Census Tract 70.01; New York County; New York,4195,3318,246,Census Tract 70.01; New York County; New York,4195,4041,154,36061007001
1400000US36061007002,Census Tract 70.02; New York County; New York,158158,Census Tract 70.02; New York County; New York,3676,1704,1972,Census Tract 70.02; New York County; New York,3676,2686,128,Census Tract 70.02; New York County; New York,3676,3336,340,36061007002
1400000US36061007100,Census Tract 71; New York County; New York,167963,Census Tract 71; New York County; New York,5364,2450,2914,Census Tract 71; New York County; New York,5364,4227,224,Census Tract 71; New York County; New York,5364,4469,895,36061007100
1400000US36061007200,Census Tract 72; New York County; New York,160880,Census Tract 72; New York County; New York,7224,3608,3616,Census Tract 72; New York County; New York,7224,4732,368,Census Tract 72; New York County; New York,7224,6914,310,36061007200
1400000US36061007300,Census Tract 73; New York County; New York,170434,Census Tract 73; New York County; New York,5744,2780,2964,Census Tract 73; New York County; New York,5744,4768,157,Census Tract 73; New York County; New York,5744,5007,737,36061007300
1400000US36061007400,Census Tract 74; New York County; New York,194636,Census Tract 74; New York County; New York,5257,2303,2954,Census Tract 74; New York County; New York,5257,3524,186,Census Tract 74; New York County; New York,5257,4944,313,36061007400
1400000US36061007500,Census Tract 75; New York County; New York,157350,Census Tract 75; New York County; New York,3814,1943,1871,Census Tract 75; New York County; New York,3814,3315,73,Census Tract 75; New York County; New York,3814,3589,225,36061007500
1400000US36061007600,Census Tract 76; New York County; New York,164188,Census Tract 76; New York County; New York,2455,1234,1221,Census Tract 76; New York County; New York,2455,1094,158,Census Tract 76; New York County; New York,2455,2089,366,36061007600
1400000US36061007700,Census Tract 77; New York County; New York,170655,Census Tract 77; New York County; New York,5584,2754,2830,Census Tract 77; New York County; New York,5584,4614,41,Census Tract 77; New York County; New York,5584,5269,315,36061007700
1400000US36061007800,Census Tract 78; New York County; New York,126617,Census Tract 78; New York County; New York,8412,3765,4647,Census Tract 78; New York County; New York,8412,4835,175,Census Tract 78; New York County; New York,8412,7195,1217,36061007800
1400000US36061007900,Census Tract 79; New York County; New York,159763,Census Tract 79; New York County; New York,4514,2258,2256,Census Tract 79; New York County; New York,4514,3362,141,Census Tract 79; New York County; New York,4514,3704,810,36061007900
1400000US36061008000,Census Tract 80; New York County; New York,176988,Census Tract 80; New York County; New York,5292,2619,2673,Census Tract 80; New York County; New York,5292,3585,362,Census Tract 80; New York County; New York,5292,4913,379,36061008000
1400000US36061008100,Census Tract 81; New York County; New York,161474,Census Tract 81; New York County; New York,6331,3367,2964,Census Tract 81; New York County; New York,6331,5071,83,Census Tract 81; New York County; New York,6331,5681,650,36061008100
1400000US36061008200,Census Tract 82; New York County; New York,191250,Census Tract 82; New York County; New York,3346,1290,2056,Census Tract 82; New York County; New York,3346,1850,219,Census Tract 82; New York County; New York,3346,2690,656,36061008200
1400000US36061008300,Census Tract 83; New York County; New York,79036,Census Tract 83; New York County; New York,3629,1742,1887,Census Tract 83; New York County; New York,3629,1559,100,Census Tract 83; New York County; New York,3629,2458,1171,36061008300
1400000US36061008400,Census Tract 84; New York County; New York,"250,000+",Census Tract 84; New York County; New York,1660,840,820,Census Tract 84; New York County; New York,1660,680,187,Census Tract 84; New York County; New York,1660,1454,206,36061008400
1400000US36061008601,Census Tract 86.01; New York County; New York,168320,Census Tract 86.01; New York County; New York,3197,1814,1383,Census Tract 86.01; New York County; New York,3197,1580,17,Census Tract 86.01; New York County; New York,3197,2640,557,36061008601
1400000US36061008602,Census Tract 86.02; New York County; New York,-,Census Tract 86.02; New York County; New York,0,0,0,Census Tract 86.02; New York County; New York,0,0,0,Census Tract 86.02; New York County; New York,0,0,0,36061008602
1400000US36061008603,Census Tract 86.03; New York County; New York,189926,Census Tract 86.03; New York County; New York,5188,2314,2874,Census Tract 86.03; New York County; New York,5188,4008,8,Census Tract 86.03; New York County; New York,5188,4363,825,36061008603
1400000US36061008700,Census Tract 87; New York County; New York,147454,Census Tract 87; New York County; New York,5712,2963,2749,Census Tract 87; New York County; New York,5712,3884,395,Census Tract 87; New York County; New York,5712,5022,690,36061008700
1400000US36061008800,Census Tract 88; New York County; New York,106033,Census Tract 88; New York County; New York,7096,3158,3938,Census Tract 88; New York County; New York,7096,4286,233,Census Tract 88; New York County; New York,7096,6989,107,36061008800
1400000US36061008900,Census Tract 89; New York County; New York,98952,Census Tract 89; New York County; New York,5849,2832,3017,Census Tract 89; New York County; New York,5849,3799,214,Census Tract 89; New York County; New York,5849,4792,1057,36061008900
1400000US36061009000,Census Tract 90; New York County; New York,152716,Census Tract 90; New York County; New York,7308,3475,3833,Census Tract 90; New York County; New York,7308,4938,263,Census Tract 90; New York County; New York,7308,6842,466,36061009000
1400000US36061009100,Census Tract 91; New York County; New York,188145,Census Tract 91; New York County; New York,6445,3256,3189,Census Tract 91; New York County; New York,6445,4018,704,Census Tract 91; New York County; New York,6445,5717,728,36061009100
1400000US36061009200,Census Tract 92; New York County; New York,170341,Census Tract 92; New York County; New York,1408,732,676,Census Tract 92; New York County; New York,1408,883,20,Census Tract 92; New York County; New York,1408,1312,96,36061009200
1400000US36061009300,Census Tract 93; New York County; New York,105682,Census Tract 93; New York County; New York,9699,5025,4674,Census Tract 93; New York County; New York,9699,7000,749,Census Tract 93; New York County; New York,9699,7712,1987,36061009300
1400000US36061009400,Census Tract 94; New York County; New York,120625,Census Tract 94; New York County; New York,77,61,16,Census Tract 94; New York County; New York,77,44,0,Census Tract 94; New York County; New York,77,73,4,36061009400
1400000US36061009500,Census Tract 95; New York County; New York,200455,Census Tract 95; New York County; New York,3482,1506,1976,Census Tract 95; New York County; New York,3482,2543,275,Census Tract 95; New York County; New York,3482,3223,259,36061009500
1400000US36061009600,Census Tract 96; New York County; New York,91538,Census Tract 96; New York County; New York,474,234,240,Census Tract 96; New York County; New York,474,120,97,Census Tract 96; New York County; New York,474,396,78,36061009600
1400000US36061009700,Census Tract 97; New York County; New York,70816,Census Tract 97; New York County; New York,4477,1941,2536,Census Tract 97; New York County; New York,4477,2563,258,Census Tract 97; New York County; New York,4477,3399,1078,36061009700
1400000US36061009800,Census Tract 98; New York County; New York,141989,Census Tract 98; New York County; New York,8389,3500,4889,Census Tract 98; New York County; New York,8389,5947,119,Census Tract 98; New York County; New York,8389,7748,641,36061009800
1400000US36061009901,Census Tract 99.01; New York County; New York,"250,000+",Census Tract 99.01; New York County; New York,1884,947,937,Census Tract 99.01; New York County; New York,1884,1421,48,Census Tract 99.01; New York County; New York,1884,1697,187,36061009901
1400000US36061009902,Census Tract 99.02; New York County; New York,169241,Census Tract 99.02; New York County; New York,3890,2400,1490,Census Tract 99.02; New York County; New York,3890,1793,462,Census Tract 99.02; New York County; New York,3890,3019,871,36061009902
1400000US36061009903,Census Tract 99.03; New York County; New York,139659,Census Tract 99.03; New York County; New York,1061,553,508,Census Tract 99.03; New York County; New York,1061,446,152,Census Tract 99.03; New York County; New York,1061,941,120,36061009903
1400000US36061010000,Census Tract 100; New York County; New York,115536,Census Tract 100; New York County; New York,1651,906,745,Census Tract 100; New York County; New York,1651,1189,46,Census Tract 100; New York County; New York,1651,1336,315,36061010000
1400000US36061010100,Census Tract 101; New York County; New York,106528,Census Tract 101; New York County; New York,1923,880,1043,Census Tract 101; New York County; New York,1923,709,264,Census Tract 101; New York County; New York,1923,1579,344,36061010100
1400000US36061010200,Census Tract 102; New York County; New York,96375,Census Tract 102; New York County; New York,244,152,92,Census Tract 102; New York County; New York,244,201,21,Census Tract 102; New York County; New York,244,243,1,36061010200
1400000US36061010300,Census Tract 103; New York County; New York,158343,Census Tract 103; New York County; New York,3083,1314,1769,Census Tract 103; New York County; New York,3083,1660,298,Census Tract 103; New York County; New York,3083,2783,300,36061010300
1400000US36061010400,Census Tract 104; New York County; New York,188971,Census Tract 104; New York County; New York,960,490,470,Census Tract 104; New York County; New York,960,670,10,Census Tract 104; New York County; New York,960,916,44,36061010400
1400000US36061010601,Census Tract 106.01; New York County; New York,"250,000+",Census Tract 106.01; New York County; New York,7562,3610,3952,Census Tract 106.01; New York County; New York,7562,6428,106,Census Tract 106.01; New York County; New York,7562,7256,306,36061010601
1400000US36061010602,Census Tract 106.02; New York County; New York,202674,Census Tract 106.02; New York County; New York,5006,2568,2438,Census Tract 106.02; New York County; New York,5006,3174,234,Census Tract 106.02; New York County; New York,5006,4403,603,36061010602
1400000US36061010801,Census Tract 108.01; New York County; New York,162455,Census Tract 108.01; New York County; New York,3476,1862,1614,Census Tract 108.01; New York County; New York,3476,2227,158,Census Tract 108.01; New York County; New York,3476,3214,262,36061010801
1400000US36061010802,Census Tract 108.02; New York County; New York,157532,Census Tract 108.02; New York County; New York,4094,1521,2573,Census Tract 108.02; New York County; New York,4094,3590,0,Census Tract 108.02; New York County; New York,4094,3890,204,36061010802
1400000US36061010803,Census Tract 108.03; New York County; New York,116758,Census Tract 108.03; New York County; New York,1840,912,928,Census Tract 108.03; New York County; New York,1840,1530,35,Census Tract 108.03; New York County; New York,1840,1746,94,36061010803
1400000US36061010900,Census Tract 109; New York County; New York,150625,Census Tract 109; New York County; New York,200,90,110,Census Tract 109; New York County; New York,200,84,51,Census Tract 109; New York County; New York,200,172,28,36061010900
1400000US36061011000,Census Tract 110; New York County; New York,144856,Census Tract 110; New York County; New York,6955,2506,4449,Census Tract 110; New York County; New York,6955,4849,318,Census Tract 110; New York County; New York,6955,5703,1252,36061011000
1400000US36061011100,Census Tract 111; New York County; New York,104119,Census Tract 111; New York County; New York,4767,2451,2316,Census Tract 111; New York County; New York,4767,2009,458,Census Tract 111; New York County; New York,4767,4008,759,36061011100
1400000US36061011201,Census Tract 112.01; New York County; New York,207850,Census Tract 112.01; New York County; New York,950,396,554,Census Tract 112.01; New York County; New York,950,723,0,Census Tract 112.01; New York County; New York,950,894,56,36061011201
1400000US36061011202,Census Tract 112.02; New York County; New York,206295,Census Tract 112.02; New York County; New York,520,257,263,Census Tract 112.02; New York County; New York,520,440,0,Census Tract 112.02; New York County; New York,520,515,5,36061011202
1400000US36061011203,Census Tract 112.03; New York County; New York,174453,Census Tract 112.03; New York County; New York,1053,482,571,Census Tract 112.03; New York County; New York,1053,804,0,Census Tract 112.03; New York County; New York,1053,1033,20,36061011203
1400000US36061011300,Census Tract 113; New York County; New York,91250,Census Tract 113; New York County; New York,122,90,32,Census Tract 113; New York County; New York,122,16,71,Census Tract 113; New York County; New York,122,116,6,36061011300
1400000US36061011401,Census Tract 114.01; New York County; New York,"250,000+",Census Tract 114.01; New York County; New York,1138,618,520,Census Tract 114.01; New York County; New York,1138,910,6,Census Tract 114.01; New York County; New York,1138,1084,54,36061011401
1400000US36061011402,Census Tract 114.02; New York County; New York,217500,Census Tract 114.02; New York County; New York,2283,995,1288,Census Tract 114.02; New York County; New York,2283,1792,54,Census Tract 114.02; New York County; New York,2283,2045,238,36061011402
1400000US36061011500,Census Tract 115; New York County; New York,130302,Census Tract 115; New York County; New York,3929,2223,1706,Census Tract 115; New York County; New York,3929,2029,499,Census Tract 115; New York County; New York,3929,3376,553,36061011500
1400000US36061011600,Census Tract 116; New York County; New York,105893,Census Tract 116; New York County; New York,3346,1592,1754,Census Tract 116; New York County; New York,3346,2328,103,Census Tract 116; New York County; New York,3346,2917,429,36061011600
1400000US36061011700,Census Tract 117; New York County; New York,114517,Census Tract 117; New York County; New York,5051,2811,2240,Census Tract 117; New York County; New York,5051,2901,264,Census Tract 117; New York County; New York,5051,4232,819,36061011700
1400000US36061011800,Census Tract 118; New York County; New York,157480,Census Tract 118; New York County; New York,9462,4352,5110,Census Tract 118; New York County; New York,9462,7974,114,Census Tract 118; New York County; New York,9462,8929,533,36061011800
1400000US36061011900,Census Tract 119; New York County; New York,15843,Census Tract 119; New York County; New York,1174,772,402,Census Tract 119; New York County; New York,1174,341,530,Census Tract 119; New York County; New York,1174,899,275,36061011900
1400000US36061012000,Census Tract 120; New York County; New York,159605,Census Tract 120; New York County; New York,3199,1231,1968,Census Tract 120; New York County; New York,3199,2471,53,Census Tract 120; New York County; New York,3199,3037,162,36061012000
1400000US36061012101,Census Tract 121.01; New York County; New York,68434,Census Tract 121.01; New York County; New York,3110,1657,1453,Census Tract 121.01; New York County; New York,3110,2121,140,Census Tract 121.01; New York County; New York,3110,2631,479,36061012101
1400000US36061012102,Census Tract 121.02; New York County; New York,58180,Census Tract 121.02; New York County; New York,4850,2332,2518,Census Tract 121.02; New York County; New York,4850,3219,262,Census Tract 121.02; New York County; New York,4850,3373,1477,36061012102
1400000US36061012200,Census Tract 122; New York County; New York,218869,Census Tract 122; New York County; New York,3008,1460,1548,Census Tract 122; New York County; New York,3008,2685,0,Census Tract 122; New York County; New York,3008,2927,81,36061012200
1400000US36061012400,Census Tract 124; New York County; New York,157375,Census Tract 124; New York County; New York,9788,4541,5247,Census Tract 124; New York County; New York,9788,7357,125,Census Tract 124; New York County; New York,9788,9260,528,36061012400
1400000US36061012500,Census Tract 125; New York County; New York,136865,Census Tract 125; New York County; New York,2635,1320,1315,Census Tract 125; New York County; New York,2635,1209,274,Census Tract 125; New York County; New York,2635,2333,302,36061012500
1400000US36061012601,Census Tract 126.01; New York County; New York,118758,Census Tract 126.01; New York County; New York,7288,2973,4315,Census Tract 126.01; New York County; New York,7288,5724,0,Census Tract 126.01; New York County; New York,7288,6616,672,36061012601
1400000US36061012602,Census Tract 126.02; New York County; New York,217106,Census Tract 126.02; New York County; New York,4550,2077,2473,Census Tract 126.02; New York County; New York,4550,4010,5,Census Tract 126.02; New York County; New York,4550,4418,132,36061012602
1400000US36061012700,Census Tract 127; New York County; New York,145545,Census Tract 127; New York County; New York,6786,4340,2446,Census Tract 127; New York County; New York,6786,4521,139,Census Tract 127; New York County; New York,6786,5908,878,36061012700
1400000US36061012800,Census Tract 128; New York County; New York,189583,Census Tract 128; New York County; New York,4914,2314,2600,Census Tract 128; New York County; New York,4914,4250,5,Census Tract 128; New York County; New York,4914,4550,364,36061012800
1400000US36061012901,Census Tract 129.01; New York County; New York,120911,Census Tract 129.01; New York County; New York,7091,3835,3256,Census Tract 129.01; New York County; New York,7091,3669,291,Census Tract 129.01; New York County; New York,7091,5959,1132,36061012901
1400000US36061012902,Census Tract 129.02; New York County; New York,102684,Census Tract 129.02; New York County; New York,2647,1499,1148,Census Tract 129.02; New York County; New York,2647,1053,261,Census Tract 129.02; New York County; New York,2647,1962,685,36061012902
1400000US36061013000,Census Tract 130; New York County; New York,169674,Census Tract 130; New York County; New York,3272,1489,1783,Census Tract 130; New York County; New York,3272,2690,27,Census Tract 130; New York County; New York,3272,3027,245,36061013000
1400000US36061013100,Census Tract 131; New York County; New York,109764,Census Tract 131; New York County; New York,3235,1707,1528,Census Tract 131; New York County; New York,3235,1673,255,Census Tract 131; New York County; New York,3235,2669,566,36061013100
1400000US36061013201,Census Tract 132.01; New York County; New York,146250,Census Tract 132.01; New York County; New York,2316,1047,1269,Census Tract 132.01; New York County; New York,2316,1845,70,Census Tract 132.01; New York County; New York,2316,2196,120,36061013201
1400000US36061013202,Census Tract 132.02; New York County; New York,93333,Census Tract 132.02; New York County; New York,3649,1807,1842,Census Tract 132.02; New York County; New York,3649,3124,90,Census Tract 132.02; New York County; New York,3649,3114,535,36061013202
1400000US36061013203,Census Tract 132.03; New York County; New York,117741,Census Tract 132.03; New York County; New York,4291,1727,2564,Census Tract 132.03; New York County; New York,4291,3740,0,Census Tract 132.03; New York County; New York,4291,4046,245,36061013203
1400000US36061013300,Census Tract 133; New York County; New York,151250,Census Tract 133; New York County; New York,6510,3597,2913,Census Tract 133; New York County; New York,6510,3893,165,Census Tract 133; New York County; New York,6510,5214,1296,36061013300
1400000US36061013400,Census Tract 134; New York County; New York,128580,Census Tract 134; New York County; New York,10647,4108,6539,Census Tract 134; New York County; New York,10647,9229,14,Census Tract 134; New York County; New York,10647,9845,802,36061013400
1400000US36061013501,Census Tract 135.01; New York County; New York,84129,Census Tract 135.01; New York County; New York,5154,2590,2564,Census Tract 135.01; New York County; New York,5154,2147,588,Census Tract 135.01; New York County; New York,5154,3518,1636,36061013501
1400000US36061013502,Census Tract 135.02; New York County; New York,97942,Census Tract 135.02; New York County; New York,5828,2645,3183,Census Tract 135.02; New York County; New York,5828,2742,607,Census Tract 135.02; New York County; New York,5828,4591,1237,36061013502
1400000US36061013601,Census Tract 136.01; New York County; New York,"250,000+",Census Tract 136.01; New York County; New York,1711,766,945,Census Tract 136.01; New York County; New York,1711,1546,0,Census Tract 136.01; New York County; New York,1711,1615,96,36061013601
1400000US36061013602,Census Tract 136.02; New York County; New York,164093,Census Tract 136.02; New York County; New York,6244,2682,3562,Census Tract 136.02; New York County; New York,6244,5305,111,Census Tract 136.02; New York County; New York,6244,5930,314,36061013602
1400000US36061013603,Census Tract 136.03; New York County; New York,153977,Census Tract 136.03; New York County; New York,4426,1559,2867,Census Tract 136.03; New York County; New York,4426,3901,0,Census Tract 136.03; New York County; New York,4426,4239,187,36061013603
1400000US36061013604,Census Tract 136.04; New York County; New York,160556,Census Tract 136.04; New York County; New York,3488,1728,1760,Census Tract 136.04; New York County; New York,3488,3008,54,Census Tract 136.04; New York County; New York,3488,3414,74,36061013604
1400000US36061013700,Census Tract 137; New York County; New York,165600,Census Tract 137; New York County; New York,6352,4043,2309,Census Tract 137; New York County; New York,6352,4330,435,Census Tract 137; New York County; New York,6352,6016,336,36061013700
1400000US36061013800,Census Tract 138; New York County; New York,152500,Census Tract 138; New York County; New York,11868,5503,6365,Census Tract 138; New York County; New York,11868,9741,187,Census Tract 138; New York County; New York,11868,10924,944,36061013800
1400000US36061013900,Census Tract 139; New York County; New York,106915,Census Tract 139; New York County; New York,9316,5338,3978,Census Tract 139; New York County; New York,9316,6771,526,Census Tract 139; New York County; New York,9316,7738,1578,36061013900
1400000US36061014000,Census Tract 140; New York County; New York,215987,Census Tract 140; New York County; New York,7932,3648,4284,Census Tract 140; New York County; New York,7932,6850,114,Census Tract 140; New York County; New York,7932,7796,136,36061014000
1400000US36061014200,Census Tract 142; New York County; New York,"250,000+",Census Tract 142; New York County; New York,4092,1797,2295,Census Tract 142; New York County; New York,4092,3324,20,Census Tract 142; New York County; New York,4092,3752,340,36061014200
1400000US36061014300,Census Tract 143; New York County; New York,-,Census Tract 143; New York County; New York,0,0,0,Census Tract 143; New York County; New York,0,0,0,Census Tract 143; New York County; New York,0,0,0,36061014300
1400000US36061014401,Census Tract 144.01; New York County; New York,201585,Census Tract 144.01; New York County; New York,4718,2011,2707,Census Tract 144.01; New York County; New York,4718,3963,27,Census Tract 144.01; New York County; New York,4718,4443,275,36061014401
1400000US36061014402,Census Tract 144.02; New York County; New York,156389,Census Tract 144.02; New York County; New York,7257,3232,4025,Census Tract 144.02; New York County; New York,7257,5263,474,Census Tract 144.02; New York County; New York,7257,6482,775,36061014402
1400000US36061014500,Census Tract 145; New York County; New York,202780,Census Tract 145; New York County; New York,6857,3005,3852,Census Tract 145; New York County; New York,6857,4143,264,Census Tract 145; New York County; New York,6857,6232,625,36061014500
1400000US36061014601,Census Tract 146.01; New York County; New York,145189,Census Tract 146.01; New York County; New York,3621,1349,2272,Census Tract 146.01; New York County; New York,3621,2712,94,Census Tract 146.01; New York County; New York,3621,3367,254,36061014601
1400000US36061014602,Census Tract 146.02; New York County; New York,136671,Census Tract 146.02; New York County; New York,8543,4122,4421,Census Tract 146.02; New York County; New York,8543,7080,56,Census Tract 146.02; New York County; New York,8543,7814,729,36061014602
1400000US36061014700,Census Tract 147; New York County; New York,224554,Census Tract 147; New York County; New York,3044,1557,1487,Census Tract 147; New York County; New York,3044,1378,130,Census Tract 147; New York County; New York,3044,2861,183,36061014700
1400000US36061014801,Census Tract 148.01; New York County; New York,199167,Census Tract 148.01; New York County; New York,2858,1349,1509,Census Tract 148.01; New York County; New York,2858,2331,19,Census Tract 148.01; New York County; New York,2858,2485,373,36061014801
1400000US36061014802,Census Tract 148.02; New York County; New York,171442,Census Tract 148.02; New York County; New York,6377,2710,3667,Census Tract 148.02; New York County; New York,6377,4544,200,Census Tract 148.02; New York County; New York,6377,5166,1211,36061014802
1400000US36061014900,Census Tract 149; New York County; New York,179732,Census Tract 149; New York County; New York,5873,2614,3259,Census Tract 149; New York County; New York,5873,3992,134,Census Tract 149; New York County; New York,5873,5346,527,36061014900
1400000US36061015001,Census Tract 150.01; New York County; New York,172788,Census Tract 150.01; New York County; New York,2018,934,1084,Census Tract 150.01; New York County; New York,2018,1850,0,Census Tract 150.01; New York County; New York,2018,1986,32,36061015001
1400000US36061015002,Census Tract 150.02; New York County; New York,235643,Census Tract 150.02; New York County; New York,4558,1849,2709,Census Tract 150.02; New York County; New York,4558,3739,0,Census Tract 150.02; New York County; New York,4558,4307,251,36061015002
1400000US36061015101,Census Tract 151.01; New York County; New York,-,Census Tract 151.01; New York County; New York,2860,1018,1842,Census Tract 151.01; New York County; New York,2860,209,820,Census Tract 151.01; New York County; New York,2860,1502,1358,36061015101
1400000US36061015102,Census Tract 151.02; New York County; New York,174659,Census Tract 151.02; New York County; New York,8963,4880,4083,Census Tract 151.02; New York County; New York,8963,3882,1085,Census Tract 151.02; New York County; New York,8963,7856,1107,36061015102
1400000US36061015200,Census Tract 152; New York County; New York,147285,Census Tract 152; New York County; New York,8240,3635,4605,Census Tract 152; New York County; New York,8240,3966,1185,Census Tract 152; New York County; New York,8240,6301,1939,36061015200
1400000US36061015301,Census Tract 153.01; New York County; New York,181813,Census Tract 153.01; New York County; New York,4698,2173,2525,Census Tract 153.01; New York County; New York,4698,3233,5,Census Tract 153.01; New York County; New York,4698,4308,390,36061015301
1400000US36061015302,Census Tract 153.02; New York County; New York,151935,Census Tract 153.02; New York County; New York,5570,2938,2632,Census Tract 153.02; New York County; New York,5570,4268,16,Census Tract 153.02; New York County; New York,5570,5258,312,36061015302
1400000US36061015401,Census Tract 154.01; New York County; New York,118167,Census Tract 154.01; New York County; New York,4986,1971,3015,Census Tract 154.01; New York County; New York,4986,4289,88,Census Tract 154.01; New York County; New York,4986,4887,99,36061015401
1400000US36061015402,Census Tract 154.02; New York County; New York,173737,Census Tract 154.02; New York County; New York,3841,1449,2392,Census Tract 154.02; New York County; New York,3841,2335,799,Census Tract 154.02; New York County; New York,3841,3413,428,36061015402
1400000US36061015403,Census Tract 154.03; New York County; New York,126472,Census Tract 154.03; New York County; New York,5015,2315,2700,Census Tract 154.03; New York County; New York,5015,3728,212,Census Tract 154.03; New York County; New York,5015,4506,509,36061015403
1400000US36061015501,Census Tract 155.01; New York County; New York,193056,Census Tract 155.01; New York County; New York,5057,2014,3043,Census Tract 155.01; New York County; New York,5057,3773,100,Census Tract 155.01; New York County; New York,5057,4848,209,36061015501
1400000US36061015502,Census Tract 155.02; New York County; New York,152337,Census Tract 155.02; New York County; New York,5475,2487,2988,Census Tract 155.02; New York County; New York,5475,3713,265,Census Tract 155.02; New York County; New York,5475,5115,360,36061015502
1400000US36061015601,Census Tract 156.01; New York County; New York,108368,Census Tract 156.01; New York County; New York,4992,2404,2588,Census Tract 156.01; New York County; New York,4992,3338,216,Census Tract 156.01; New York County; New York,4992,4395,597,36061015601
1400000US36061015602,Census Tract 156.02; New York County; New York,58125,Census Tract 156.02; New York County; New York,2139,925,1214,Census Tract 156.02; New York County; New York,2139,662,348,Census Tract 156.02; New York County; New York,2139,1182,957,36061015602
1400000US36061015700,Census Tract 157; New York County; New York,161886,Census Tract 157; New York County; New York,10613,5115,5498,Census Tract 157; New York County; New York,10613,8491,267,Census Tract 157; New York County; New York,10613,9708,905,36061015700
1400000US36061015801,Census Tract 158.01; New York County; New York,180264,Census Tract 158.01; New York County; New York,5384,2440,2944,Census Tract 158.01; New York County; New York,5384,4038,58,Census Tract 158.01; New York County; New York,5384,4788,596,36061015801
1400000US36061015802,Census Tract 158.02; New York County; New York,93537,Census Tract 158.02; New York County; New York,4397,2058,2339,Census Tract 158.02; New York County; New York,4397,2389,339,Census Tract 158.02; New York County; New York,4397,3824,573,36061015802
1400000US36061015900,Census Tract 159; New York County; New York,170824,Census Tract 159; New York County; New York,9202,4537,4665,Census Tract 159; New York County; New York,9202,7111,169,Census Tract 159; New York County; New York,9202,8498,704,36061015900
1400000US36061016001,Census Tract 160.01; New York County; New York,"250,000+",Census Tract 160.01; New York County; New York,3029,1393,1636,Census Tract 160.01; New York County; New York,3029,2667,8,Census Tract 160.01; New York County; New York,3029,2779,250,36061016001
1400000US36061016002,Census Tract 160.02; New York County; New York,109762,Census Tract 160.02; New York County; New York,3133,1166,1967,Census Tract 160.02; New York County; New York,3133,1682,49,Census Tract 160.02; New York County; New York,3133,2345,788,36061016002
1400000US36061016100,Census Tract 161; New York County; New York,152782,Census Tract 161; New York County; New York,6177,2733,3444,Census Tract 161; New York County; New York,6177,4950,239,Census Tract 161; New York County; New York,6177,5736,441,36061016100
1400000US36061016200,Census Tract 162; New York County; New York,22923,Census Tract 162; New York County; New York,8862,3729,5133,Census Tract 162; New York County; New York,8862,1253,3630,Census Tract 162; New York County; New York,8862,6309,2553,36061016200
1400000US36061016300,Census Tract 163; New York County; New York,122500,Census Tract 163; New York County; New York,7013,3521,3492,Census Tract 163; New York County; New York,7013,5580,219,Census Tract 163; New York County; New York,7013,6567,446,36061016300
1400000US36061016400,Census Tract 164; New York County; New York,29000,Census Tract 164; New York County; New York,7850,3374,4476,Census Tract 164; New York County; New York,7850,1240,2136,Census Tract 164; New York County; New York,7850,3607,4243,36061016400
1400000US36061016500,Census Tract 165; New York County; New York,222391,Census Tract 165; New York County; New York,7253,3181,4072,Census Tract 165; New York County; New York,7253,5954,61,Census Tract 165; New York County; New York,7253,6541,712,36061016500
1400000US36061016600,Census Tract 166; New York County; New York,60778,Census Tract 166; New York County; New York,6011,2794,3217,Census Tract 166; New York County; New York,6011,1742,699,Census Tract 166; New York County; New York,6011,3199,2812,36061016600
1400000US36061016700,Census Tract 167; New York County; New York,249141,Census Tract 167; New York County; New York,7504,3473,4031,Census Tract 167; New York County; New York,7504,6522,55,Census Tract 167; New York County; New York,7504,7202,302,36061016700
1400000US36061016800,Census Tract 168; New York County; New York,33952,Census Tract 168; New York County; New York,4755,1991,2764,Census Tract 168; New York County; New York,4755,1275,1976,Census Tract 168; New York County; New York,4755,2745,2010,36061016800
1400000US36061016900,Census Tract 169; New York County; New York,175647,Census Tract 169; New York County; New York,8202,3852,4350,Census Tract 169; New York County; New York,8202,6861,362,Census Tract 169; New York County; New York,8202,7492,710,36061016900
1400000US36061017000,Census Tract 170; New York County; New York,48082,Census Tract 170; New York County; New York,8746,3426,5320,Census Tract 170; New York County; New York,8746,1835,1607,Census Tract 170; New York County; New York,8746,4121,4625,36061017000
1400000US36061017100,Census Tract 171; New York County; New York,167801,Census Tract 171; New York County; New York,8327,3790,4537,Census Tract 171; New York County; New York,8327,7094,255,Census Tract 171; New York County; New York,8327,7605,722,36061017100
1400000US36061017200,Census Tract 172; New York County; New York,30507,Census Tract 172; New York County; New York,4967,2198,2769,Census Tract 172; New York County; New York,4967,738,1987,Census Tract 172; New York County; New York,4967,2784,2183,36061017200
1400000US36061017300,Census Tract 173; New York County; New York,157896,Census Tract 173; New York County; New York,8764,4649,4115,Census Tract 173; New York County; New York,8764,7085,277,Census Tract 173; New York County; New York,8764,8195,569,36061017300
1400000US36061017401,Census Tract 174.01; New York County; New York,39950,Census Tract 174.01; New York County; New York,5218,2167,3051,Census Tract 174.01; New York County; New York,5218,923,2203,Census Tract 174.01; New York County; New York,5218,3342,1876,36061017401
1400000US36061017402,Census Tract 174.02; New York County; New York,71435,Census Tract 174.02; New York County; New York,2529,1166,1363,Census Tract 174.02; New York County; New York,2529,680,750,Census Tract 174.02; New York County; New York,2529,1827,702,36061017402
1400000US36061017500,Census Tract 175; New York County; New York,184375,Census Tract 175; New York County; New York,10151,4472,5679,Census Tract 175; New York County; New York,10151,7158,458,Census Tract 175; New York County; New York,10151,8546,1605,36061017500
1400000US36061017700,Census Tract 177; New York County; New York,117398,Census Tract 177; New York County; New York,9586,4222,5364,Census Tract 177; New York County; New York,9586,6153,502,Census Tract 177; New York County; New York,9586,7563,2023,36061017700
1400000US36061017800,Census Tract 178; New York County; New York,55076,Census Tract 178; New York County; New York,4050,1985,2065,Census Tract 178; New York County; New York,4050,1446,1008,Census Tract 178; New York County; New York,4050,2466,1584,36061017800
1400000US36061017900,Census Tract 179; New York County; New York,132808,Census Tract 179; New York County; New York,9319,4990,4329,Census Tract 179; New York County; New York,9319,7059,187,Census Tract 179; New York County; New York,9319,7681,1638,36061017900
1400000US36061018000,Census Tract 180; New York County; New York,28413,Census Tract 180; New York County; New York,6621,2963,3658,Census Tract 180; New York County; New York,6621,1321,1954,Census Tract 180; New York County; New York,6621,3420,3201,36061018000
1400000US36061018100,Census Tract 181; New York County; New York,120703,Census Tract 181; New York County; New York,8339,2980,5359,Census Tract 181; New York County; New York,8339,5592,829,Census Tract 181; New York County; New York,8339,7516,823,36061018100
1400000US36061018200,Census Tract 182; New York County; New York,37257,Census Tract 182; New York County; New York,7175,3315,3860,Census Tract 182; New York County; New York,7175,1027,3463,Census Tract 182; New York County; New York,7175,4242,2933,36061018200
1400000US36061018300,Census Tract 183; New York County; New York,150462,Census Tract 183; New York County; New York,8493,4125,4368,Census Tract 183; New York County; New York,8493,5555,604,Census Tract 183; New York County; New York,8493,7029,1464,36061018300
1400000US36061018400,Census Tract 184; New York County; New York,39365,Census Tract 184; New York County; New York,7818,4215,3603,Census Tract 184; New York County; New York,7818,1246,3715,Census Tract 184; New York County; New York,7818,4570,3248,36061018400
1400000US36061018500,Census Tract 185; New York County; New York,145511,Census Tract 185; New York County; New York,4950,2071,2879,Census Tract 185; New York County; New York,4950,3181,360,Census Tract 185; New York County; New York,4950,4529,421,36061018500
1400000US36061018600,Census Tract 186; New York County; New York,51832,Census Tract 186; New York County; New York,6009,2940,3069,Census Tract 186; New York County; New York,6009,470,3834,Census Tract 186; New York County; New York,6009,3902,2107,36061018600
1400000US36061018700,Census Tract 187; New York County; New York,140838,Census Tract 187; New York County; New York,10321,4912,5409,Census Tract 187; New York County; New York,10321,6379,1079,Census Tract 187; New York County; New York,10321,8086,2235,36061018700
1400000US36061018800,Census Tract 188; New York County; New York,40572,Census Tract 188; New York County; New York,5071,2505,2566,Census Tract 188; New York County; New York,5071,723,1886,Census Tract 188; New York County; New York,5071,2652,2419,36061018800
1400000US36061018900,Census Tract 189; New York County; New York,37210,Census Tract 189; New York County; New York,10371,4624,5747,Census Tract 189; New York County; New York,10371,3321,2281,Census Tract 189; New York County; New York,10371,5948,4423,36061018900
1400000US36061019000,Census Tract 190; New York County; New York,87708,Census Tract 190; New York County; New York,3849,1815,2034,Census Tract 190; New York County; New York,3849,967,1910,Census Tract 190; New York County; New York,3849,3372,477,36061019000
1400000US36061019100,Census Tract 191; New York County; New York,141698,Census Tract 191; New York County; New York,8670,4004,4666,Census Tract 191; New York County; New York,8670,6089,999,Census Tract 191; New York County; New York,8670,7536,1134,36061019100
1400000US36061019200,Census Tract 192; New York County; New York,19441,Census Tract 192; New York County; New York,4365,1865,2500,Census Tract 192; New York County; New York,4365,523,2280,Census Tract 192; New York County; New York,4365,2349,2016,36061019200
1400000US36061019300,Census Tract 193; New York County; New York,76250,Census Tract 193; New York County; New York,9652,4866,4786,Census Tract 193; New York County; New York,9652,3548,1319,Census Tract 193; New York County; New York,9652,5484,4168,36061019300
1400000US36061019400,Census Tract 194; New York County; New York,38418,Census Tract 194; New York County; New York,6487,3092,3395,Census Tract 194; New York County; New York,6487,1448,1764,Census Tract 194; New York County; New York,6487,2902,3585,36061019400
1400000US36061019500,Census Tract 195; New York County; New York,119547,Census Tract 195; New York County; New York,7457,3133,4324,Census Tract 195; New York County; New York,7457,4277,1100,Census Tract 195; New York County; New York,7457,5912,1545,36061019500
1400000US36061019600,Census Tract 196; New York County; New York,24665,Census Tract 196; New York County; New York,4067,2061,2006,Census Tract 196; New York County; New York,4067,748,939,Census Tract 196; New York County; New York,4067,1869,2198,36061019600
1400000US36061019701,Census Tract 197.01; New York County; New York,60398,Census Tract 197.01; New York County; New York,999,466,533,Census Tract 197.01; New York County; New York,999,388,135,Census Tract 197.01; New York County; New York,999,727,272,36061019701
1400000US36061019702,Census Tract 197.02; New York County; New York,101667,Census Tract 197.02; New York County; New York,2660,1284,1376,Census Tract 197.02; New York County; New York,2660,841,824,Census Tract 197.02; New York County; New York,2660,2096,564,36061019702
1400000US36061019800,Census Tract 198; New York County; New York,98347,Census Tract 198; New York County; New York,2534,1199,1335,Census Tract 198; New York County; New York,2534,624,1148,Census Tract 198; New York County; New York,2534,2116,418,36061019800
1400000US36061019900,Census Tract 199; New York County; New York,103636,Census Tract 199; New York County; New York,9013,4901,4112,Census Tract 199; New York County; New York,9013,5673,529,Census Tract 199; New York County; New York,9013,7852,1161,36061019900
1400000US36061020000,Census Tract 200; New York County; New York,65064,Census Tract 200; New York County; New York,2954,1310,1644,Census Tract 200; New York County; New York,2954,1420,1217,Census Tract 200; New York County; New York,2954,2726,228,36061020000
1400000US36061020101,Census Tract 201.01; New York County; New York,153826,Census Tract 201.01; New York County; New York,1976,1054,922,Census Tract 201.01; New York County; New York,1976,1117,189,Census Tract 201.01; New York County; New York,1976,1808,168,36061020101
1400000US36061020102,Census Tract 201.02; New York County; New York,78235,Census Tract 201.02; New York County; New York,4045,1931,2114,Census Tract 201.02; New York County; New York,4045,1203,2009,Census Tract 201.02; New York County; New York,4045,3482,563,36061020102
1400000US36061020300,Census Tract 203; New York County; New York,65806,Census Tract 203; New York County; New York,3930,1617,2313,Census Tract 203; New York County; New York,3930,1687,338,Census Tract 203; New York County; New York,3930,3417,513,36061020300
1400000US36061020500,Census Tract 205; New York County; New York,208500,Census Tract 205; New York County; New York,5606,1992,3614,Census Tract 205; New York County; New York,5606,3625,302,Census Tract 205; New York County; New York,5606,4871,735,36061020500
1400000US36061020600,Census Tract 206; New York County; New York,51100,Census Tract 206; New York County; New York,3411,1584,1827,Census Tract 206; New York County; New York,3411,917,1790,Census Tract 206; New York County; New York,3411,2861,550,36061020600
1400000US36061020701,Census Tract 207.01; New York County; New York,82778,Census Tract 207.01; New York County; New York,2856,1243,1613,Census Tract 207.01; New York County; New York,2856,1291,125,Census Tract 207.01; New York County; New York,2856,2393,463,36061020701
1400000US36061020800,Census Tract 208; New York County; New York,76513,Census Tract 208; New York County; New York,5573,2782,2791,Census Tract 208; New York County; New York,5573,1767,2575,Census Tract 208; New York County; New York,5573,4959,614,36061020800
1400000US36061020901,Census Tract 209.01; New York County; New York,28015,Census Tract 209.01; New York County; New York,3382,1822,1560,Census Tract 209.01; New York County; New York,3382,148,1476,Census Tract 209.01; New York County; New York,3382,1609,1773,36061020901
1400000US36061021000,Census Tract 210; New York County; New York,46942,Census Tract 210; New York County; New York,6324,2393,3931,Census Tract 210; New York County; New York,6324,479,4121,Census Tract 210; New York County; New York,6324,4638,1686,36061021000
1400000US36061021100,Census Tract 211; New York County; New York,79522,Census Tract 211; New York County; New York,10222,4927,5295,Census Tract 211; New York County; New York,10222,4260,1866,Census Tract 211; New York County; New York,10222,7895,2327,36061021100
1400000US36061021200,Census Tract 212; New York County; New York,80909,Census Tract 212; New York County; New York,4905,2068,2837,Census Tract 212; New York County; New York,4905,648,3286,Census Tract 212; New York County; New York,4905,4179,726,36061021200
1400000US36061021303,Census Tract 213.03; New York County; New York,55466,Census Tract 213.03; New York County; New York,6381,3748,2633,Census Tract 213.03; New York County; New York,6381,1615,2928,Census Tract 213.03; New York County; New York,6381,4398,1983,36061021303
1400000US36061021400,Census Tract 214; New York County; New York,59615,Census Tract 214; New York County; New York,2902,1502,1400,Census Tract 214; New York County; New York,2902,413,2140,Census Tract 214; New York County; New York,2902,2749,153,36061021400
1400000US36061021500,Census Tract 215; New York County; New York,66667,Census Tract 215; New York County; New York,4054,1915,2139,Census Tract 215; New York County; New York,4054,736,2412,Census Tract 215; New York County; New York,4054,3281,773,36061021500
1400000US36061021600,Census Tract 216; New York County; New York,71833,Census Tract 216; New York County; New York,9151,4866,4285,Census Tract 216; New York County; New York,9151,2299,4731,Census Tract 216; New York County; New York,9151,7811,1340,36061021600
1400000US36061021703,Census Tract 217.03; New York County; New York,-,Census Tract 217.03; New York County; New York,211,92,119,Census Tract 217.03; New York County; New York,211,97,41,Census Tract 217.03; New York County; New York,211,186,25,36061021703
1400000US36061021800,Census Tract 218; New York County; New York,41902,Census Tract 218; New York County; New York,5931,2773,3158,Census Tract 218; New York County; New York,5931,1840,2342,Census Tract 218; New York County; New York,5931,5034,897,36061021800
1400000US36061021900,Census Tract 219; New York County; New York,20912,Census Tract 219; New York County; New York,5400,2535,2865,Census Tract 219; New York County; New York,5400,782,1693,Census Tract 219; New York County; New York,5400,2085,3315,36061021900
1400000US36061022000,Census Tract 220; New York County; New York,89896,Census Tract 220; New York County; New York,6102,2468,3634,Census Tract 220; New York County; New York,6102,2005,2557,Census Tract 220; New York County; New York,6102,4994,1108,36061022000
1400000US36061022102,Census Tract 221.02; New York County; New York,72083,Census Tract 221.02; New York County; New York,2365,1283,1082,Census Tract 221.02; New York County; New York,2365,745,1131,Census Tract 221.02; New York County; New York,2365,1940,425,36061022102
1400000US36061022200,Census Tract 222; New York County; New York,82438,Census Tract 222; New York County; New York,3501,1745,1756,Census Tract 222; New York County; New York,3501,1112,1515,Census Tract 222; New York County; New York,3501,2931,570,36061022200
1400000US36061022301,Census Tract 223.01; New York County; New York,49410,Census Tract 223.01; New York County; New York,7270,3633,3637,Census Tract 223.01; New York County; New York,7270,1659,1609,Census Tract 223.01; New York County; New York,7270,3220,4050,36061022301
1400000US36061022302,Census Tract 223.02; New York County; New York,39004,Census Tract 223.02; New York County; New York,2998,1423,1575,Census Tract 223.02; New York County; New York,2998,588,685,Census Tract 223.02; New York County; New York,2998,1149,1849,36061022302
1400000US36061022400,Census Tract 224; New York County; New York,27551,Census Tract 224; New York County; New York,6931,3281,3650,Census Tract 224; New York County; New York,6931,574,4811,Census Tract 224; New York County; New York,6931,5397,1534,36061022400
1400000US36061022500,Census Tract 225; New York County; New York,58015,Census Tract 225; New York County; New York,10605,5294,5311,Census Tract 225; New York County; New York,10605,2176,2912,Census Tract 225; New York County; New York,10605,4551,6054,36061022500
1400000US36061022600,Census Tract 226; New York County; New York,61521,Census Tract 226; New York County; New York,5052,2581,2471,Census Tract 226; New York County; New York,5052,1049,2086,Census Tract 226; New York County; New York,5052,3298,1754,36061022600
1400000US36061022700,Census Tract 227; New York County; New York,70120,Census Tract 227; New York County; New York,5694,2726,2968,Census Tract 227; New York County; New York,5694,1188,3161,Census Tract 227; New York County; New York,5694,4101,1593,36061022700
1400000US36061022800,Census Tract 228; New York County; New York,74614,Census Tract 228; New York County; New York,6548,3191,3357,Census Tract 228; New York County; New York,6548,888,4519,Census Tract 228; New York County; New York,6548,5287,1261,36061022800
1400000US36061022900,Census Tract 229; New York County; New York,59145,Census Tract 229; New York County; New York,8471,4434,4037,Census Tract 229; New York County; New York,8471,1450,2547,Census Tract 229; New York County; New York,8471,3515,4956,36061022900
1400000US36061023000,Census Tract 230; New York County; New York,38636,Census Tract 230; New York County; New York,9357,4634,4723,Census Tract 230; New York County; New York,9357,631,6057,Census Tract 230; New York County; New York,9357,7474,1883,36061023000
1400000US36061023100,Census Tract 231; New York County; New York,67175,Census Tract 231; New York County; New York,6824,3010,3814,Census Tract 231; New York County; New York,6824,1190,2132,Census Tract 231; New York County; New York,6824,3921,2903,36061023100
1400000US36061023200,Census Tract 232; New York County; New York,29571,Census Tract 232; New York County; New York,9279,4064,5215,Census Tract 232; New York County; New York,9279,1275,4652,Census Tract 232; New York County; New York,9279,5552,3727,36061023200
1400000US36061023300,Census Tract 233; New York County; New York,83232,Census Tract 233; New York County; New York,7181,3610,3571,Census Tract 233; New York County; New York,7181,2071,1523,Census Tract 233; New York County; New York,7181,4130,3051,36061023300
1400000US36061023400,Census Tract 234; New York County; New York,72423,Census Tract 234; New York County; New York,5244,2990,2254,Census Tract 234; New York County; New York,5244,817,3029,Census Tract 234; New York County; New York,5244,3918,1326,36061023400
1400000US36061023501,Census Tract 235.01; New York County; New York,80337,Census Tract 235.01; New York County; New York,7177,3343,3834,Census Tract 235.01; New York County; New York,7177,1264,2500,Census Tract 235.01; New York County; New York,7177,4133,3044,36061023501
1400000US36061023502,Census Tract 235.02; New York County; New York,44799,Census Tract 235.02; New York County; New York,1872,971,901,Census Tract 235.02; New York County; New York,1872,147,1337,Census Tract 235.02; New York County; New York,1872,1499,373,36061023502
1400000US36061023600,Census Tract 236; New York County; New York,42692,Census Tract 236; New York County; New York,10061,4261,5800,Census Tract 236; New York County; New York,10061,398,6765,Census Tract 236; New York County; New York,10061,7405,2656,36061023600
1400000US36061023700,Census Tract 237; New York County; New York,60116,Census Tract 237; New York County; New York,6578,3581,2997,Census Tract 237; New York County; New York,6578,1565,1872,Census Tract 237; New York County; New York,6578,3680,2898,36061023700
1400000US36061023802,Census Tract 238.02; New York County; New York,115000,Census Tract 238.02; New York County; New York,5094,2375,2719,Census Tract 238.02; New York County; New York,5094,1870,789,Census Tract 238.02; New York County; New York,5094,4494,600,36061023802
1400000US36061023803,Census Tract 238.03; New York County; New York,73750,Census Tract 238.03; New York County; New York,3514,1528,1986,Census Tract 238.03; New York County; New York,3514,1645,670,Census Tract 238.03; New York County; New York,3514,3195,319,36061023803
1400000US36061023804,Census Tract 238.04; New York County; New York,189327,Census Tract 238.04; New York County; New York,3390,1658,1732,Census Tract 238.04; New York County; New York,3390,1548,313,Census Tract 238.04; New York County; New York,3390,3079,311,36061023804
1400000US36061023900,Census Tract 239; New York County; New York,46458,Census Tract 239; New York County; New York,2992,1268,1724,Census Tract 239; New York County; New York,2992,664,829,Census Tract 239; New York County; New York,2992,1330,1662,36061023900
1400000US36061024000,Census Tract 240; New York County; New York,-,Census Tract 240; New York County; New York,2366,1947,419,Census Tract 240; New York County; New York,2366,461,1278,Census Tract 240; New York County; New York,2366,1638,728,36061024000
1400000US36061024100,Census Tract 241; New York County; New York,61484,Census Tract 241; New York County; New York,8068,3891,4177,Census Tract 241; New York County; New York,8068,1318,2144,Census Tract 241; New York County; New York,8068,3492,4576,36061024100
1400000US36061024200,Census Tract 242; New York County; New York,38235,Census Tract 242; New York County; New York,5603,2551,3052,Census Tract 242; New York County; New York,5603,554,2752,Census Tract 242; New York County; New York,5603,2940,2663,36061024200
1400000US36061024301,Census Tract 243.01; New York County; New York,71706,Census Tract 243.01; New York County; New York,4596,2138,2458,Census Tract 243.01; New York County; New York,4596,1024,1209,Census Tract 243.01; New York County; New York,4596,2092,2504,36061024301
1400000US36061024302,Census Tract 243.02; New York County; New York,22973,Census Tract 243.02; New York County; New York,7234,3027,4207,Census Tract 243.02; New York County; New York,7234,659,3493,Census Tract 243.02; New York County; New York,7234,4192,3042,36061024302
1400000US36061024500,Census Tract 245; New York County; New York,50184,Census Tract 245; New York County; New York,13985,6966,7019,Census Tract 245; New York County; New York,13985,2655,2129,Census Tract 245; New York County; New York,13985,5063,8922,36061024500
1400000US36061024700,Census Tract 247; New York County; New York,-,Census Tract 247; New York County; New York,6135,2791,3344,Census Tract 247; New York County; New York,6135,1384,590,Census Tract 247; New York County; New York,6135,1824,4311,36061024700
1400000US36061024900,Census Tract 249; New York County; New York,76563,Census Tract 249; New York County; New York,1061,461,600,Census Tract 249; New York County; New York,1061,227,163,Census Tract 249; New York County; New York,1061,474,587,36061024900
1400000US36061025100,Census Tract 251; New York County; New York,39115,Census Tract 251; New York County; New York,2698,1382,1316,Census Tract 251; New York County; New York,2698,550,652,Census Tract 251; New York County; New York,2698,736,1962,36061025100
1400000US36061025300,Census Tract 253; New York County; New York,70266,Census Tract 253; New York County; New York,10195,5287,4908,Census Tract 253; New York County; New York,10195,2509,511,Census Tract 253; New York County; New York,10195,2672,7523,36061025300
1400000US36061025500,Census Tract 255; New York County; New York,93149,Census Tract 255; New York County; New York,5474,2082,3392,Census Tract 255; New York County; New York,5474,1837,332,Census Tract 255; New York County; New York,5474,3025,2449,36061025500
1400000US36061025700,Census Tract 257; New York County; New York,90792,Census Tract 257; New York County; New York,4601,2258,2343,Census Tract 257; New York County; New York,4601,1767,1802,Census Tract 257; New York County; New York,4601,4068,533,36061025700
1400000US36061025900,Census Tract 259; New York County; New York,75406,Census Tract 259; New York County; New York,4713,2322,2391,Census Tract 259; New York County; New York,4713,1297,1506,Census Tract 259; New York County; New York,4713,2885,1828,36061025900
1400000US36061026100,Census Tract 261; New York County; New York,47837,Census Tract 261; New York County; New York,11613,5547,6066,Census Tract 261; New York County; New York,11613,1411,841,Census Tract 261; New York County; New York,11613,1276,10337,36061026100
1400000US36061026300,Census Tract 263; New York County; New York,58184,Census Tract 263; New York County; New York,7997,4055,3942,Census Tract 263; New York County; New York,7997,1399,376,Census Tract 263; New York County; New York,7997,1518,6479,36061026300
1400000US36061026500,Census Tract 265; New York County; New York,91589,Census Tract 265; New York County; New York,8036,3752,4284,Census Tract 265; New York County; New York,8036,2917,643,Census Tract 265; New York County; New York,8036,3517,4519,36061026500
1400000US36061026700,Census Tract 267; New York County; New York,71719,Census Tract 267; New York County; New York,2053,1248,805,Census Tract 267; New York County; New York,2053,1158,22,Census Tract 267; New York County; New York,2053,1268,785,36061026700
1400000US36061026900,Census Tract 269; New York County; New York,66208,Census Tract 269; New York County; New York,7676,4538,3138,Census Tract 269; New York County; New York,7676,1659,384,Census Tract 269; New York County; New York,7676,1253,6423,36061026900
1400000US36061027100,Census Tract 271; New York County; New York,77021,Census Tract 271; New York County; New York,7583,3495,4088,Census Tract 271; New York County; New York,7583,2455,1192,Census Tract 271; New York County; New York,7583,2989,4594,36061027100
1400000US36061027300,Census Tract 273; New York County; New York,119902,Census Tract 273; New York County; New York,7317,3736,3581,Census Tract 273; New York County; New York,7317,5543,301,Census Tract 273; New York County; New York,7317,6017,1300,36061027300
1400000US36061027500,Census Tract 275; New York County; New York,167955,Census Tract 275; New York County; New York,3089,1696,1393,Census Tract 275; New York County; New York,3089,2166,73,Census Tract 275; New York County; New York,3089,2770,319,36061027500
1400000US36061027700,Census Tract 277; New York County; New York,55585,Census Tract 277; New York County; New York,6698,3150,3548,Census Tract 277; New York County; New York,6698,717,1045,Census Tract 277; New York County; New York,6698,1202,5496,36061027700
1400000US36061027900,Census Tract 279; New York County; New York,64509,Census Tract 279; New York County; New York,10035,5212,4823,Census Tract 279; New York County; New York,10035,3072,436,Census Tract 279; New York County; New York,10035,3416,6619,36061027900
1400000US36061028100,Census Tract 281; New York County; New York,119063,Census Tract 281; New York County; New York,3222,1405,1817,Census Tract 281; New York County; New York,3222,2201,142,Census Tract 281; New York County; New York,3222,2686,536,36061028100
1400000US36061028300,Census Tract 283; New York County; New York,72444,Census Tract 283; New York County; New York,8132,3444,4688,Census Tract 283; New York County; New York,8132,1989,494,Census Tract 283; New York County; New York,8132,2340,5792,36061028300
1400000US36061028500,Census Tract 285; New York County; New York,47846,Census Tract 285; New York County; New York,7712,3469,4243,Census Tract 285; New York County; New York,7712,758,440,Census Tract 285; New York County; New York,7712,868,6844,36061028500
1400000US36061028700,Census Tract 287; New York County; New York,88138,Census Tract 287; New York County; New York,4001,2115,1886,Census Tract 287; New York County; New York,4001,1828,235,Census Tract 287; New York County; New York,4001,2075,1926,36061028700
1400000US36061029100,Census Tract 291; New York County; New York,58731,Census Tract 291; New York County; New York,10831,5020,5811,Census Tract 291; New York County; New York,10831,1663,1102,Census Tract 291; New York County; New York,10831,1833,8998,36061029100
1400000US36061029300,Census Tract 293; New York County; New York,46227,Census Tract 293; New York County; New York,8677,3443,5234,Census Tract 293; New York County; New York,8677,930,424,Census Tract 293; New York County; New York,8677,549,8128,36061029300
1400000US36061029500,Census Tract 295; New York County; New York,75938,Census Tract 295; New York County; New York,7542,3873,3669,Census Tract 295; New York County; New York,7542,2660,663,Census Tract 295; New York County; New York,7542,3675,3867,36061029500
1400000US36061029700,Census Tract 297; New York County; New York,-,Census Tract 297; New York County; New York,14,7,7,Census Tract 297; New York County; New York,14,8,5,Census Tract 297; New York County; New York,14,11,3,36061029700
1400000US36061029900,Census Tract 299; New York County; New York,42607,Census Tract 299; New York County; New York,3430,1541,1889,Census Tract 299; New York County; New York,3430,555,1124,Census Tract 299; New York County; New York,3430,936,2494,36061029900
1400000US36061030300,Census Tract 303; New York County; New York,96414,Census Tract 303; New York County; New York,3823,2029,1794,Census Tract 303; New York County; New York,3823,1437,291,Census Tract 303; New York County; New York,3823,1908,1915,36061030300
1400000US36061030700,Census Tract 307; New York County; New York,120114,Census Tract 307; New York County; New York,3906,2163,1743,Census Tract 307; New York County; New York,3906,2577,692,Census Tract 307; New York County; New York,3906,3045,861,36061030700
1400000US36061030900,Census Tract 309; New York County; New York,44217,Census Tract 309; New York County; New York,10529,4290,6239,Census Tract 309; New York County; New York,10529,1739,2883,Census Tract 309; New York County; New York,10529,3099,7430,36061030900
1400000US36061031100,Census Tract 311; New York County; New York,-,Census Tract 311; New York County; New York,0,0,0,Census Tract 311; New York County; New York,0,0,0,Census Tract 311; New York County; New York,0,0,0,36061031100
1400000US36061031703,Census Tract 317.03; New York County; New York,"250,000+",Census Tract 317.03; New York County; New York,5960,3257,2703,Census Tract 317.03; New York County; New York,5960,4207,145,Census Tract 317.03; New York County; New York,5960,5836,124,36061031703
1400000US36061031704,Census Tract 317.04; New York County; New York,242705,Census Tract 317.04; New York County; New York,10147,4906,5241,Census Tract 317.04; New York County; New York,10147,6217,161,Census Tract 317.04; New York County; New York,10147,9124,1023,36061031704
1400000US36061031900,Census Tract 319; New York County; New York,-,Census Tract 319; New York County; New York,0,0,0,Census Tract 319; New York County; New York,0,0,0,Census Tract 319; New York County; New York,0,0,0,36061031900
1400000US36081000101,Census Tract 1.01; Queens County; New York,128641,Census Tract 1.01; Queens County; New York,4600,1858,2742,Census Tract 1.01; Queens County; New York,4600,2121,38,Census Tract 1.01; Queens County; New York,4600,4139,461,36081000101
1400000US36081000102,Census Tract 1.02; Queens County; New York,213452,Census Tract 1.02; Queens County; New York,6324,3559,2765,Census Tract 1.02; Queens County; New York,6324,4125,48,Census Tract 1.02; Queens County; New York,6324,6038,286,36081000102
1400000US36081000103,Census Tract 1.03; Queens County; New York,-,Census Tract 1.03; Queens County; New York,31,31,0,Census Tract 1.03; Queens County; New York,31,17,0,Census Tract 1.03; Queens County; New York,31,31,0,36081000103
1400000US36081000104,Census Tract 1.04; Queens County; New York,-,Census Tract 1.04; Queens County; New York,303,253,50,Census Tract 1.04; Queens County; New York,303,85,130,Census Tract 1.04; Queens County; New York,303,189,114,36081000104
1400000US36081000200,Census Tract 2; Queens County; New York,74509,Census Tract 2; Queens County; New York,2344,1335,1009,Census Tract 2; Queens County; New York,2344,423,207,Census Tract 2; Queens County; New York,2344,1287,1057,36081000200
1400000US36081000400,Census Tract 4; Queens County; New York,81326,Census Tract 4; Queens County; New York,4684,2026,2658,Census Tract 4; Queens County; New York,4684,568,322,Census Tract 4; Queens County; New York,4684,1848,2836,36081000400
1400000US36081000600,Census Tract 6; Queens County; New York,104958,Census Tract 6; Queens County; New York,3888,1945,1943,Census Tract 6; Queens County; New York,3888,600,182,Census Tract 6; Queens County; New York,3888,1417,2471,36081000600
1400000US36081000701,Census Tract 7.01; Queens County; New York,136827,Census Tract 7.01; Queens County; New York,3559,1984,1575,Census Tract 7.01; Queens County; New York,3559,1696,256,Census Tract 7.01; Queens County; New York,3559,2944,615,36081000701
1400000US36081000702,Census Tract 7.02; Queens County; New York,122125,Census Tract 7.02; Queens County; New York,4131,2240,1891,Census Tract 7.02; Queens County; New York,4131,2272,226,Census Tract 7.02; Queens County; New York,4131,3713,418,36081000702
1400000US36081000800,Census Tract 8; Queens County; New York,112708,Census Tract 8; Queens County; New York,3617,1730,1887,Census Tract 8; Queens County; New York,3617,840,452,Census Tract 8; Queens County; New York,3617,1584,2033,36081000800
1400000US36081001000,Census Tract 10; Queens County; New York,95476,Census Tract 10; Queens County; New York,4899,2720,2179,Census Tract 10; Queens County; New York,4899,807,174,Census Tract 10; Queens County; New York,4899,1581,3318,36081001000
1400000US36081001200,Census Tract 12; Queens County; New York,84656,Census Tract 12; Queens County; New York,4596,2419,2177,Census Tract 12; Queens County; New York,4596,731,348,Census Tract 12; Queens County; New York,4596,1628,2968,36081001200
1400000US36081001400,Census Tract 14; Queens County; New York,84063,Census Tract 14; Queens County; New York,3966,2106,1860,Census Tract 14; Queens County; New York,3966,1191,300,Census Tract 14; Queens County; New York,3966,1971,1995,36081001400
1400000US36081001600,Census Tract 16; Queens County; New York,75028,Census Tract 16; Queens County; New York,2501,1125,1376,Census Tract 16; Queens County; New York,2501,357,85,Census Tract 16; Queens County; New York,2501,1209,1292,36081001600
1400000US36081001800,Census Tract 18; Queens County; New York,88409,Census Tract 18; Queens County; New York,2865,1471,1394,Census Tract 18; Queens County; New York,2865,640,73,Census Tract 18; Queens County; New York,2865,1233,1632,36081001800
1400000US36081001901,Census Tract 19.01; Queens County; New York,201425,Census Tract 19.01; Queens County; New York,1974,1071,903,Census Tract 19.01; Queens County; New York,1974,799,102,Census Tract 19.01; Queens County; New York,1974,1753,221,36081001901
1400000US36081001902,Census Tract 19.02; Queens County; New York,153000,Census Tract 19.02; Queens County; New York,6099,3194,2905,Census Tract 19.02; Queens County; New York,6099,2284,197,Census Tract 19.02; Queens County; New York,6099,5552,547,36081001902
1400000US36081001903,Census Tract 19.03; Queens County; New York,144531,Census Tract 19.03; Queens County; New York,1409,680,729,Census Tract 19.03; Queens County; New York,1409,653,27,Census Tract 19.03; Queens County; New York,1409,1317,92,36081001903
1400000US36081002000,Census Tract 20; Queens County; New York,115000,Census Tract 20; Queens County; New York,1609,763,846,Census Tract 20; Queens County; New York,1609,281,31,Census Tract 20; Queens County; New York,1609,710,899,36081002000
1400000US36081002200,Census Tract 22; Queens County; New York,81219,Census Tract 22; Queens County; New York,2324,1259,1065,Census Tract 22; Queens County; New York,2324,687,131,Census Tract 22; Queens County; New York,2324,888,1436,36081002200
1400000US36081002400,Census Tract 24; Queens County; New York,74489,Census Tract 24; Queens County; New York,2185,1168,1017,Census Tract 24; Queens County; New York,2185,382,126,Census Tract 24; Queens County; New York,2185,1019,1166,36081002400
1400000US36081002500,Census Tract 25; Queens County; New York,26511,Census Tract 25; Queens County; New York,6032,2579,3453,Census Tract 25; Queens County; New York,6032,689,2157,Census Tract 25; Queens County; New York,6032,4124,1908,36081002500
1400000US36081002600,Census Tract 26; Queens County; New York,130089,Census Tract 26; Queens County; New York,2218,1103,1115,Census Tract 26; Queens County; New York,2218,418,165,Census Tract 26; Queens County; New York,2218,1337,881,36081002600
1400000US36081002800,Census Tract 28; Queens County; New York,90914,Census Tract 28; Queens County; New York,3160,1642,1518,Census Tract 28; Queens County; New York,3160,355,145,Census Tract 28; Queens County; New York,3160,1482,1678,36081002800
1400000US36081003000,Census Tract 30; Queens County; New York,93981,Census Tract 30; Queens County; New York,1497,695,802,Census Tract 30; Queens County; New York,1497,638,35,Census Tract 30; Queens County; New York,1497,526,971,36081003000
1400000US36081003100,Census Tract 31; Queens County; New York,109926,Census Tract 31; Queens County; New York,1663,988,675,Census Tract 31; Queens County; New York,1663,642,80,Census Tract 31; Queens County; New York,1663,1147,516,36081003100
1400000US36081003200,Census Tract 32; Queens County; New York,120000,Census Tract 32; Queens County; New York,1835,856,979,Census Tract 32; Queens County; New York,1835,355,126,Census Tract 32; Queens County; New York,1835,723,1112,36081003200
1400000US36081003301,Census Tract 33.01; Queens County; New York,173910,Census Tract 33.01; Queens County; New York,3303,1776,1527,Census Tract 33.01; Queens County; New York,3303,1408,159,Census Tract 33.01; Queens County; New York,3303,3004,299,36081003301
1400000US36081003302,Census Tract 33.02; Queens County; New York,57949,Census Tract 33.02; Queens County; New York,918,518,400,Census Tract 33.02; Queens County; New York,918,244,119,Census Tract 33.02; Queens County; New York,918,610,308,36081003302
1400000US36081003400,Census Tract 34; Queens County; New York,82143,Census Tract 34; Queens County; New York,2600,1400,1200,Census Tract 34; Queens County; New York,2600,513,174,Census Tract 34; Queens County; New York,2600,1070,1530,36081003400
1400000US36081003600,Census Tract 36; Queens County; New York,85508,Census Tract 36; Queens County; New York,3448,1568,1880,Census Tract 36; Queens County; New York,3448,559,200,Census Tract 36; Queens County; New York,3448,1663,1785,36081003600
1400000US36081003700,Census Tract 37; Queens County; New York,-,Census Tract 37; Queens County; New York,0,0,0,Census Tract 37; Queens County; New York,0,0,0,Census Tract 37; Queens County; New York,0,0,0,36081003700
1400000US36081003800,Census Tract 38; Queens County; New York,98125,Census Tract 38; Queens County; New York,2255,1176,1079,Census Tract 38; Queens County; New York,2255,532,206,Census Tract 38; Queens County; New York,2255,1031,1224,36081003800
1400000US36081003900,Census Tract 39; Queens County; New York,56201,Census Tract 39; Queens County; New York,1474,669,805,Census Tract 39; Queens County; New York,1474,455,56,Census Tract 39; Queens County; New York,1474,478,996,36081003900
1400000US36081004001,Census Tract 40.01; Queens County; New York,84630,Census Tract 40.01; Queens County; New York,2152,1133,1019,Census Tract 40.01; Queens County; New York,2152,631,116,Census Tract 40.01; Queens County; New York,2152,1111,1041,36081004001
1400000US36081004002,Census Tract 40.02; Queens County; New York,47150,Census Tract 40.02; Queens County; New York,1654,642,1012,Census Tract 40.02; Queens County; New York,1654,194,109,Census Tract 40.02; Queens County; New York,1654,1173,481,36081004002
1400000US36081004200,Census Tract 42; Queens County; New York,81806,Census Tract 42; Queens County; New York,4414,2451,1963,Census Tract 42; Queens County; New York,4414,459,312,Census Tract 42; Queens County; New York,4414,3307,1107,36081004200
1400000US36081004300,Census Tract 43; Queens County; New York,26203,Census Tract 43; Queens County; New York,1912,743,1169,Census Tract 43; Queens County; New York,1912,203,896,Census Tract 43; Queens County; New York,1912,1203,709,36081004300
1400000US36081004401,Census Tract 44.01; Queens County; New York,81071,Census Tract 44.01; Queens County; New York,3595,1656,1939,Census Tract 44.01; Queens County; New York,3595,389,209,Census Tract 44.01; Queens County; New York,3595,2922,673,36081004401
1400000US36081004500,Census Tract 45; Queens County; New York,91111,Census Tract 45; Queens County; New York,2750,1064,1686,Census Tract 45; Queens County; New York,2750,1754,67,Census Tract 45; Queens County; New York,2750,2423,327,36081004500
1400000US36081004700,Census Tract 47; Queens County; New York,59125,Census Tract 47; Queens County; New York,4254,1993,2261,Census Tract 47; Queens County; New York,4254,1391,1221,Census Tract 47; Queens County; New York,4254,3118,1136,36081004700
1400000US36081005000,Census Tract 50; Queens County; New York,-,Census Tract 50; Queens County; New York,0,0,0,Census Tract 50; Queens County; New York,0,0,0,Census Tract 50; Queens County; New York,0,0,0,36081005000
1400000US36081005100,Census Tract 51; Queens County; New York,87250,Census Tract 51; Queens County; New York,2262,1109,1153,Census Tract 51; Queens County; New York,2262,542,47,Census Tract 51; Queens County; New York,2262,1779,483,36081005100
1400000US36081005200,Census Tract 52; Queens County; New York,81912,Census Tract 52; Queens County; New York,2671,1373,1298,Census Tract 52; Queens County; New York,2671,408,64,Census Tract 52; Queens County; New York,2671,1694,977,36081005200
1400000US36081005300,Census Tract 53; Queens County; New York,112438,Census Tract 53; Queens County; New York,5509,2982,2527,Census Tract 53; Queens County; New York,5509,2871,109,Census Tract 53; Queens County; New York,5509,4399,1110,36081005300
1400000US36081005400,Census Tract 54; Queens County; New York,80464,Census Tract 54; Queens County; New York,5363,2564,2799,Census Tract 54; Queens County; New York,5363,1433,419,Census Tract 54; Queens County; New York,5363,3168,2195,36081005400
1400000US36081005500,Census Tract 55; Queens County; New York,95833,Census Tract 55; Queens County; New York,1375,712,663,Census Tract 55; Queens County; New York,1375,587,29,Census Tract 55; Queens County; New York,1375,847,528,36081005500
1400000US36081005700,Census Tract 57; Queens County; New York,112273,Census Tract 57; Queens County; New York,4077,2381,1696,Census Tract 57; Queens County; New York,4077,2233,168,Census Tract 57; Queens County; New York,4077,3028,1049,36081005700
1400000US36081005800,Census Tract 58; Queens County; New York,89354,Census Tract 58; Queens County; New York,6012,2912,3100,Census Tract 58; Queens County; New York,6012,1978,354,Census Tract 58; Queens County; New York,6012,3853,2159,36081005800
1400000US36081005900,Census Tract 59; Queens County; New York,87414,Census Tract 59; Queens County; New York,4123,1960,2163,Census Tract 59; Queens County; New York,4123,2095,47,Census Tract 59; Queens County; New York,4123,2801,1322,36081005900
1400000US36081006100,Census Tract 61; Queens County; New York,121711,Census Tract 61; Queens County; New York,5186,2766,2420,Census Tract 61; Queens County; New York,5186,3201,147,Census Tract 61; Queens County; New York,5186,4160,1026,36081006100
1400000US36081006201,Census Tract 62.01; Queens County; New York,67394,Census Tract 62.01; Queens County; New York,6134,3044,3090,Census Tract 62.01; Queens County; New York,6134,3038,921,Census Tract 62.01; Queens County; New York,6134,4247,1887,36081006201
1400000US36081006202,Census Tract 62.02; Queens County; New York,83278,Census Tract 62.02; Queens County; New York,6830,3131,3699,Census Tract 62.02; Queens County; New York,6830,3056,403,Census Tract 62.02; Queens County; New York,6830,3678,3152,36081006202
1400000US36081006300,Census Tract 63; Queens County; New York,126799,Census Tract 63; Queens County; New York,6052,3036,3016,Census Tract 63; Queens County; New York,6052,3700,69,Census Tract 63; Queens County; New York,6052,5063,989,36081006300
1400000US36081006501,Census Tract 65.01; Queens County; New York,94926,Census Tract 65.01; Queens County; New York,3059,1693,1366,Census Tract 65.01; Queens County; New York,3059,1398,122,Census Tract 65.01; Queens County; New York,3059,1755,1304,36081006501
1400000US36081006502,Census Tract 65.02; Queens County; New York,89697,Census Tract 65.02; Queens County; New York,3853,1923,1930,Census Tract 65.02; Queens County; New York,3853,2625,54,Census Tract 65.02; Queens County; New York,3853,2930,923,36081006502
1400000US36081006900,Census Tract 69; Queens County; New York,121090,Census Tract 69; Queens County; New York,4531,2479,2052,Census Tract 69; Queens County; New York,4531,2654,87,Census Tract 69; Queens County; New York,4531,3534,997,36081006900
1400000US36081007100,Census Tract 71; Queens County; New York,89167,Census Tract 71; Queens County; New York,3298,1683,1615,Census Tract 71; Queens County; New York,3298,1648,247,Census Tract 71; Queens County; New York,3298,2594,704,36081007100
1400000US36081007300,Census Tract 73; Queens County; New York,95714,Census Tract 73; Queens County; New York,3594,1641,1953,Census Tract 73; Queens County; New York,3594,1879,76,Census Tract 73; Queens County; New York,3594,2728,866,36081007300
1400000US36081007500,Census Tract 75; Queens County; New York,76490,Census Tract 75; Queens County; New York,4619,2153,2466,Census Tract 75; Queens County; New York,4619,2256,224,Census Tract 75; Queens County; New York,4619,3387,1232,36081007500
1400000US36081007700,Census Tract 77; Queens County; New York,135903,Census Tract 77; Queens County; New York,1935,1033,902,Census Tract 77; Queens County; New York,1935,1083,40,Census Tract 77; Queens County; New York,1935,1357,578,36081007700
1400000US36081007900,Census Tract 79; Queens County; New York,121667,Census Tract 79; Queens County; New York,2683,1421,1262,Census Tract 79; Queens County; New York,2683,920,62,Census Tract 79; Queens County; New York,2683,1856,827,36081007900
1400000US36081008100,Census Tract 81; Queens County; New York,117350,Census Tract 81; Queens County; New York,1301,656,645,Census Tract 81; Queens County; New York,1301,726,85,Census Tract 81; Queens County; New York,1301,1023,278,36081008100
1400000US36081008300,Census Tract 83; Queens County; New York,98676,Census Tract 83; Queens County; New York,2534,1253,1281,Census Tract 83; Queens County; New York,2534,815,231,Census Tract 83; Queens County; New York,2534,1296,1238,36081008300
1400000US36081008500,Census Tract 85; Queens County; New York,75625,Census Tract 85; Queens County; New York,1554,771,783,Census Tract 85; Queens County; New York,1554,595,164,Census Tract 85; Queens County; New York,1554,952,602,36081008500
1400000US36081008600,Census Tract 86; Queens County; New York,72205,Census Tract 86; Queens County; New York,3068,1493,1575,Census Tract 86; Queens County; New York,3068,1031,99,Census Tract 86; Queens County; New York,3068,1640,1428,36081008600
1400000US36081008700,Census Tract 87; Queens County; New York,25293,Census Tract 87; Queens County; New York,3299,1293,2006,Census Tract 87; Queens County; New York,3299,860,986,Census Tract 87; Queens County; New York,3299,1860,1439,36081008700
1400000US36081008800,Census Tract 88; Queens County; New York,119656,Census Tract 88; Queens County; New York,3624,1803,1821,Census Tract 88; Queens County; New York,3624,1550,479,Census Tract 88; Queens County; New York,3624,1629,1995,36081008800
1400000US36081009100,Census Tract 91; Queens County; New York,102256,Census Tract 91; Queens County; New York,1790,819,971,Census Tract 91; Queens County; New York,1790,1046,112,Census Tract 91; Queens County; New York,1790,1389,401,36081009100
1400000US36081009400,Census Tract 94; Queens County; New York,72130,Census Tract 94; Queens County; New York,2874,1336,1538,Census Tract 94; Queens County; New York,2874,304,400,Census Tract 94; Queens County; New York,2874,2233,641,36081009400
1400000US36081009500,Census Tract 95; Queens County; New York,121458,Census Tract 95; Queens County; New York,2057,979,1078,Census Tract 95; Queens County; New York,2057,1617,16,Census Tract 95; Queens County; New York,2057,1823,234,36081009500
1400000US36081009600,Census Tract 96; Queens County; New York,121042,Census Tract 96; Queens County; New York,3308,1568,1740,Census Tract 96; Queens County; New York,3308,168,382,Census Tract 96; Queens County; New York,3308,2819,489,36081009600
1400000US36081009700,Census Tract 97; Queens County; New York,118433,Census Tract 97; Queens County; New York,3820,1849,1971,Census Tract 97; Queens County; New York,3820,2814,154,Census Tract 97; Queens County; New York,3820,3206,614,36081009700
1400000US36081009800,Census Tract 98; Queens County; New York,81027,Census Tract 98; Queens County; New York,2358,1151,1207,Census Tract 98; Queens County; New York,2358,119,345,Census Tract 98; Queens County; New York,2358,1984,374,36081009800
1400000US36081009900,Census Tract 99; Queens County; New York,-,Census Tract 99; Queens County; New York,0,0,0,Census Tract 99; Queens County; New York,0,0,0,Census Tract 99; Queens County; New York,0,0,0,36081009900
1400000US36081010000,Census Tract 100; Queens County; New York,112798,Census Tract 100; Queens County; New York,3184,1724,1460,Census Tract 100; Queens County; New York,3184,558,116,Census Tract 100; Queens County; New York,3184,2489,695,36081010000
1400000US36081010100,Census Tract 101; Queens County; New York,116477,Census Tract 101; Queens County; New York,2611,1207,1404,Census Tract 101; Queens County; New York,2611,1857,123,Census Tract 101; Queens County; New York,2611,2165,446,36081010100
1400000US36081010200,Census Tract 102; Queens County; New York,104201,Census Tract 102; Queens County; New York,2837,1429,1408,Census Tract 102; Queens County; New York,2837,106,264,Census Tract 102; Queens County; New York,2837,2510,327,36081010200
1400000US36081010300,Census Tract 103; Queens County; New York,83500,Census Tract 103; Queens County; New York,4288,2485,1803,Census Tract 103; Queens County; New York,4288,2695,103,Census Tract 103; Queens County; New York,4288,3501,787,36081010300
1400000US36081010400,Census Tract 104; Queens County; New York,84275,Census Tract 104; Queens County; New York,3455,1864,1591,Census Tract 104; Queens County; New York,3455,443,978,Census Tract 104; Queens County; New York,3455,2670,785,36081010400
1400000US36081010500,Census Tract 105; Queens County; New York,82730,Census Tract 105; Queens County; New York,4930,2597,2333,Census Tract 105; Queens County; New York,4930,2481,485,Census Tract 105; Queens County; New York,4930,3583,1347,36081010500
1400000US36081010600,Census Tract 106; Queens County; New York,112583,Census Tract 106; Queens County; New York,2998,1552,1446,Census Tract 106; Queens County; New York,2998,142,253,Census Tract 106; Queens County; New York,2998,2324,674,36081010600
1400000US36081010701,Census Tract 107.01; Queens County; New York,-,Census Tract 107.01; Queens County; New York,0,0,0,Census Tract 107.01; Queens County; New York,0,0,0,Census Tract 107.01; Queens County; New York,0,0,0,36081010701
1400000US36081010800,Census Tract 108; Queens County; New York,105625,Census Tract 108; Queens County; New York,3255,1898,1357,Census Tract 108; Queens County; New York,3255,123,12,Census Tract 108; Queens County; New York,3255,2642,613,36081010800
1400000US36081011000,Census Tract 110; Queens County; New York,80388,Census Tract 110; Queens County; New York,2951,1562,1389,Census Tract 110; Queens County; New York,2951,279,297,Census Tract 110; Queens County; New York,2951,1918,1033,36081011000
1400000US36081011100,Census Tract 111; Queens County; New York,96500,Census Tract 111; Queens County; New York,2995,1373,1622,Census Tract 111; Queens County; New York,2995,1977,0,Census Tract 111; Queens County; New York,2995,2182,813,36081011100
1400000US36081011200,Census Tract 112; Queens County; New York,67444,Census Tract 112; Queens County; New York,2505,1550,955,Census Tract 112; Queens County; New York,2505,499,47,Census Tract 112; Queens County; New York,2505,1752,753,36081011200
1400000US36081011300,Census Tract 113; Queens County; New York,86285,Census Tract 113; Queens County; New York,4627,2412,2215,Census Tract 113; Queens County; New York,4627,2720,216,Census Tract 113; Queens County; New York,4627,3471,1156,36081011300
1400000US36081011400,Census Tract 114; Queens County; New York,127917,Census Tract 114; Queens County; New York,2368,1034,1334,Census Tract 114; Queens County; New York,2368,217,12,Census Tract 114; Queens County; New York,2368,1118,1250,36081011400
1400000US36081011500,Census Tract 115; Queens County; New York,110729,Census Tract 115; Queens County; New York,2369,1151,1218,Census Tract 115; Queens County; New York,2369,1571,194,Census Tract 115; Queens County; New York,2369,1912,457,36081011500
1400000US36081011600,Census Tract 116; Queens County; New York,75438,Census Tract 116; Queens County; New York,2069,1025,1044,Census Tract 116; Queens County; New York,2069,465,58,Census Tract 116; Queens County; New York,2069,1211,858,36081011600
1400000US36081011700,Census Tract 117; Queens County; New York,139000,Census Tract 117; Queens County; New York,4268,1907,2361,Census Tract 117; Queens County; New York,4268,2645,77,Census Tract 117; Queens County; New York,4268,3246,1022,36081011700
1400000US36081011800,Census Tract 118; Queens County; New York,84109,Census Tract 118; Queens County; New York,2551,1326,1225,Census Tract 118; Queens County; New York,2551,288,154,Census Tract 118; Queens County; New York,2551,1869,682,36081011800
1400000US36081011900,Census Tract 119; Queens County; New York,80417,Census Tract 119; Queens County; New York,1648,914,734,Census Tract 119; Queens County; New York,1648,936,16,Census Tract 119; Queens County; New York,1648,1094,554,36081011900
1400000US36081012000,Census Tract 120; Queens County; New York,79342,Census Tract 120; Queens County; New York,2453,1108,1345,Census Tract 120; Queens County; New York,2453,65,94,Census Tract 120; Queens County; New York,2453,1853,600,36081012000
1400000US36081012100,Census Tract 121; Queens County; New York,100000,Census Tract 121; Queens County; New York,2013,1076,937,Census Tract 121; Queens County; New York,2013,1582,6,Census Tract 121; Queens County; New York,2013,1690,323,36081012100
1400000US36081012200,Census Tract 122; Queens County; New York,98107,Census Tract 122; Queens County; New York,2894,1513,1381,Census Tract 122; Queens County; New York,2894,582,208,Census Tract 122; Queens County; New York,2894,1647,1247,36081012200
1400000US36081012301,Census Tract 123.01; Queens County; New York,109250,Census Tract 123.01; Queens County; New York,3063,1378,1685,Census Tract 123.01; Queens County; New York,3063,2241,244,Census Tract 123.01; Queens County; New York,3063,2377,686,36081012301
1400000US36081012400,Census Tract 124; Queens County; New York,86538,Census Tract 124; Queens County; New York,3139,1582,1557,Census Tract 124; Queens County; New York,3139,284,796,Census Tract 124; Queens County; New York,3139,1990,1149,36081012400
1400000US36081012500,Census Tract 125; Queens County; New York,119074,Census Tract 125; Queens County; New York,1463,812,651,Census Tract 125; Queens County; New York,1463,827,31,Census Tract 125; Queens County; New York,1463,1103,360,36081012500
1400000US36081012601,Census Tract 126.01; Queens County; New York,79097,Census Tract 126.01; Queens County; New York,2676,1275,1401,Census Tract 126.01; Queens County; New York,2676,330,98,Census Tract 126.01; Queens County; New York,2676,1203,1473,36081012601
1400000US36081012602,Census Tract 126.02; Queens County; New York,82188,Census Tract 126.02; Queens County; New York,2413,1318,1095,Census Tract 126.02; Queens County; New York,2413,424,51,Census Tract 126.02; Queens County; New York,2413,1575,838,36081012602
1400000US36081012800,Census Tract 128; Queens County; New York,113068,Census Tract 128; Queens County; New York,2411,1108,1303,Census Tract 128; Queens County; New York,2411,914,84,Census Tract 128; Queens County; New York,2411,1382,1029,36081012800
1400000US36081013000,Census Tract 130; Queens County; New York,72675,Census Tract 130; Queens County; New York,1862,864,998,Census Tract 130; Queens County; New York,1862,941,244,Census Tract 130; Queens County; New York,1862,1306,556,36081013000
1400000US36081013200,Census Tract 132; Queens County; New York,83984,Census Tract 132; Queens County; New York,1996,1120,876,Census Tract 132; Queens County; New York,1996,816,195,Census Tract 132; Queens County; New York,1996,1472,524,36081013200
1400000US36081013400,Census Tract 134; Queens County; New York,83601,Census Tract 134; Queens County; New York,5778,2870,2908,Census Tract 134; Queens County; New York,5778,2746,750,Census Tract 134; Queens County; New York,5778,4208,1570,36081013400
1400000US36081013500,Census Tract 135; Queens County; New York,90694,Census Tract 135; Queens County; New York,1014,481,533,Census Tract 135; Queens County; New York,1014,911,0,Census Tract 135; Queens County; New York,1014,864,150,36081013500
1400000US36081013600,Census Tract 136; Queens County; New York,84848,Census Tract 136; Queens County; New York,2102,1145,957,Census Tract 136; Queens County; New York,2102,1078,96,Census Tract 136; Queens County; New York,2102,1406,696,36081013600
1400000US36081013700,Census Tract 137; Queens County; New York,103603,Census Tract 137; Queens County; New York,1959,950,1009,Census Tract 137; Queens County; New York,1959,1481,0,Census Tract 137; Queens County; New York,1959,1509,450,36081013700
1400000US36081013800,Census Tract 138; Queens County; New York,83082,Census Tract 138; Queens County; New York,3923,1897,2026,Census Tract 138; Queens County; New York,3923,1577,231,Census Tract 138; Queens County; New York,3923,3024,899,36081013800
1400000US36081014000,Census Tract 140; Queens County; New York,113347,Census Tract 140; Queens County; New York,4096,2170,1926,Census Tract 140; Queens County; New York,4096,2487,98,Census Tract 140; Queens County; New York,4096,3097,999,36081014000
1400000US36081014100,Census Tract 141; Queens County; New York,96731,Census Tract 141; Queens County; New York,1552,776,776,Census Tract 141; Queens County; New York,1552,797,59,Census Tract 141; Queens County; New York,1552,1164,388,36081014100
1400000US36081014201,Census Tract 142.01; Queens County; New York,63409,Census Tract 142.01; Queens County; New York,4549,2240,2309,Census Tract 142.01; Queens County; New York,4549,614,255,Census Tract 142.01; Queens County; New York,4549,2658,1891,36081014201
1400000US36081014202,Census Tract 142.02; Queens County; New York,102627,Census Tract 142.02; Queens County; New York,2877,1632,1245,Census Tract 142.02; Queens County; New York,2877,326,301,Census Tract 142.02; Queens County; New York,2877,1535,1342,36081014202
1400000US36081014300,Census Tract 143; Queens County; New York,97582,Census Tract 143; Queens County; New York,3868,2039,1829,Census Tract 143; Queens County; New York,3868,2220,59,Census Tract 143; Queens County; New York,3868,2665,1203,36081014300
1400000US36081014400,Census Tract 144; Queens County; New York,76795,Census Tract 144; Queens County; New York,1633,741,892,Census Tract 144; Queens County; New York,1633,204,109,Census Tract 144; Queens County; New York,1633,1168,465,36081014400
1400000US36081014500,Census Tract 145; Queens County; New York,79135,Census Tract 145; Queens County; New York,2406,1085,1321,Census Tract 145; Queens County; New York,2406,1464,74,Census Tract 145; Queens County; New York,2406,1900,506,36081014500
1400000US36081014700,Census Tract 147; Queens County; New York,82485,Census Tract 147; Queens County; New York,3221,1551,1670,Census Tract 147; Queens County; New York,3221,2008,177,Census Tract 147; Queens County; New York,3221,2355,866,36081014700
1400000US36081014800,Census Tract 148; Queens County; New York,-,Census Tract 148; Queens County; New York,1803,770,1033,Census Tract 148; Queens County; New York,1803,143,175,Census Tract 148; Queens County; New York,1803,1162,641,36081014800
1400000US36081014900,Census Tract 149; Queens County; New York,62740,Census Tract 149; Queens County; New York,2315,1174,1141,Census Tract 149; Queens County; New York,2315,1386,12,Census Tract 149; Queens County; New York,2315,1576,739,36081014900
1400000US36081015000,Census Tract 150; Queens County; New York,98636,Census Tract 150; Queens County; New York,2462,1346,1116,Census Tract 150; Queens County; New York,2462,56,358,Census Tract 150; Queens County; New York,2462,1776,686,36081015000
1400000US36081015100,Census Tract 151; Queens County; New York,78542,Census Tract 151; Queens County; New York,2706,1438,1268,Census Tract 151; Queens County; New York,2706,1853,53,Census Tract 151; Queens County; New York,2706,1935,771,36081015100
1400000US36081015200,Census Tract 152; Queens County; New York,79626,Census Tract 152; Queens County; New York,2670,1167,1503,Census Tract 152; Queens County; New York,2670,169,449,Census Tract 152; Queens County; New York,2670,2081,589,36081015200
1400000US36081015300,Census Tract 153; Queens County; New York,85188,Census Tract 153; Queens County; New York,1834,860,974,Census Tract 153; Queens County; New York,1834,1188,43,Census Tract 153; Queens County; New York,1834,1565,269,36081015300
1400000US36081015400,Census Tract 154; Queens County; New York,80469,Census Tract 154; Queens County; New York,2016,1107,909,Census Tract 154; Queens County; New York,2016,110,251,Census Tract 154; Queens County; New York,2016,1832,184,36081015400
1400000US36081015500,Census Tract 155; Queens County; New York,105368,Census Tract 155; Queens County; New York,2015,951,1064,Census Tract 155; Queens County; New York,2015,1117,41,Census Tract 155; Queens County; New York,2015,1798,217,36081015500
1400000US36081015600,Census Tract 156; Queens County; New York,79539,Census Tract 156; Queens County; New York,3267,1817,1450,Census Tract 156; Queens County; New York,3267,101,565,Census Tract 156; Queens County; New York,3267,2840,427,36081015600
1400000US36081015700,Census Tract 157; Queens County; New York,70353,Census Tract 157; Queens County; New York,1786,816,970,Census Tract 157; Queens County; New York,1786,696,23,Census Tract 157; Queens County; New York,1786,1013,773,36081015700
1400000US36081015801,Census Tract 158.01; Queens County; New York,97047,Census Tract 158.01; Queens County; New York,3628,1750,1878,Census Tract 158.01; Queens County; New York,3628,20,294,Census Tract 158.01; Queens County; New York,3628,3457,171,36081015801
1400000US36081015802,Census Tract 158.02; Queens County; New York,102838,Census Tract 158.02; Queens County; New York,5263,2800,2463,Census Tract 158.02; Queens County; New York,5263,178,562,Census Tract 158.02; Queens County; New York,5263,3904,1359,36081015802
1400000US36081015900,Census Tract 159; Queens County; New York,87067,Census Tract 159; Queens County; New York,3535,1868,1667,Census Tract 159; Queens County; New York,3535,2244,305,Census Tract 159; Queens County; New York,3535,2691,844,36081015900
1400000US36081016100,Census Tract 161; Queens County; New York,95066,Census Tract 161; Queens County; New York,2253,1150,1103,Census Tract 161; Queens County; New York,2253,1278,55,Census Tract 161; Queens County; New York,2253,1407,846,36081016100
1400000US36081016300,Census Tract 163; Queens County; New York,40402,Census Tract 163; Queens County; New York,3998,1546,2452,Census Tract 163; Queens County; New York,3998,833,787,Census Tract 163; Queens County; New York,3998,1934,2064,36081016300
1400000US36081016400,Census Tract 164; Queens County; New York,82273,Census Tract 164; Queens County; New York,3281,1866,1415,Census Tract 164; Queens County; New York,3281,64,558,Census Tract 164; Queens County; New York,3281,2432,849,36081016400
1400000US36081016600,Census Tract 166; Queens County; New York,69889,Census Tract 166; Queens County; New York,4140,1828,2312,Census Tract 166; Queens County; New York,4140,159,283,Census Tract 166; Queens County; New York,4140,3360,780,36081016600
1400000US36081016800,Census Tract 168; Queens County; New York,110208,Census Tract 168; Queens County; New York,3148,1509,1639,Census Tract 168; Queens County; New York,3148,236,403,Census Tract 168; Queens County; New York,3148,2196,952,36081016800
1400000US36081016900,Census Tract 169; Queens County; New York,93356,Census Tract 169; Queens County; New York,5387,2580,2807,Census Tract 169; Queens County; New York,5387,2851,149,Census Tract 169; Queens County; New York,5387,4237,1150,36081016900
1400000US36081017000,Census Tract 170; Queens County; New York,103958,Census Tract 170; Queens County; New York,2527,1251,1276,Census Tract 170; Queens County; New York,2527,67,1011,Census Tract 170; Queens County; New York,2527,2314,213,36081017000
1400000US36081017101,Census Tract 171.01; Queens County; New York,-,Census Tract 171.01; Queens County; New York,0,0,0,Census Tract 171.01; Queens County; New York,0,0,0,Census Tract 171.01; Queens County; New York,0,0,0,36081017101
1400000US36081017102,Census Tract 171.02; Queens County; New York,-,Census Tract 171.02; Queens County; New York,44,17,27,Census Tract 171.02; Queens County; New York,44,0,27,Census Tract 171.02; Queens County; New York,44,33,11,36081017102
1400000US36081017200,Census Tract 172; Queens County; New York,71012,Census Tract 172; Queens County; New York,1790,841,949,Census Tract 172; Queens County; New York,1790,62,662,Census Tract 172; Queens County; New York,1790,1481,309,36081017200
1400000US36081017400,Census Tract 174; Queens County; New York,125694,Census Tract 174; Queens County; New York,2804,1563,1241,Census Tract 174; Queens County; New York,2804,116,623,Census Tract 174; Queens County; New York,2804,2123,681,36081017400
1400000US36081017600,Census Tract 176; Queens County; New York,82266,Census Tract 176; Queens County; New York,2305,1147,1158,Census Tract 176; Queens County; New York,2305,91,1065,Census Tract 176; Queens County; New York,2305,1869,436,36081017600
1400000US36081017800,Census Tract 178; Queens County; New York,81298,Census Tract 178; Queens County; New York,2146,1009,1137,Census Tract 178; Queens County; New York,2146,122,514,Census Tract 178; Queens County; New York,2146,1744,402,36081017800
1400000US36081017901,Census Tract 179.01; Queens County; New York,69804,Census Tract 179.01; Queens County; New York,884,564,320,Census Tract 179.01; Queens County; New York,884,302,1,Census Tract 179.01; Queens County; New York,884,625,259,36081017901
1400000US36081017902,Census Tract 179.02; Queens County; New York,-,Census Tract 179.02; Queens County; New York,43,31,12,Census Tract 179.02; Queens County; New York,43,15,28,Census Tract 179.02; Queens County; New York,43,12,31,36081017902
1400000US36081018000,Census Tract 180; Queens County; New York,79539,Census Tract 180; Queens County; New York,1515,833,682,Census Tract 180; Queens County; New York,1515,96,483,Census Tract 180; Queens County; New York,1515,1413,102,36081018000
1400000US36081018101,Census Tract 181.01; Queens County; New York,83817,Census Tract 181.01; Queens County; New York,3727,2032,1695,Census Tract 181.01; Queens County; New York,3727,1491,86,Census Tract 181.01; Queens County; New York,3727,2296,1431,36081018101
1400000US36081018102,Census Tract 181.02; Queens County; New York,87273,Census Tract 181.02; Queens County; New York,3679,1677,2002,Census Tract 181.02; Queens County; New York,3679,1575,117,Census Tract 181.02; Queens County; New York,3679,2849,830,36081018102
1400000US36081018200,Census Tract 182; Queens County; New York,95417,Census Tract 182; Queens County; New York,2811,1311,1500,Census Tract 182; Queens County; New York,2811,119,1820,Census Tract 182; Queens County; New York,2811,2445,366,36081018200
1400000US36081018300,Census Tract 183; Queens County; New York,78164,Census Tract 183; Queens County; New York,5459,2580,2879,Census Tract 183; Queens County; New York,5459,2841,104,Census Tract 183; Queens County; New York,5459,3929,1530,36081018300
1400000US36081018401,Census Tract 184.01; Queens County; New York,57833,Census Tract 184.01; Queens County; New York,2048,1093,955,Census Tract 184.01; Queens County; New York,2048,0,1380,Census Tract 184.01; Queens County; New York,2048,1854,194,36081018401
1400000US36081018402,Census Tract 184.02; Queens County; New York,87021,Census Tract 184.02; Queens County; New York,2829,1367,1462,Census Tract 184.02; Queens County; New York,2829,42,1849,Census Tract 184.02; Queens County; New York,2829,2416,413,36081018402
1400000US36081018501,Census Tract 185.01; Queens County; New York,87500,Census Tract 185.01; Queens County; New York,3714,1977,1737,Census Tract 185.01; Queens County; New York,3714,1926,27,Census Tract 185.01; Queens County; New York,3714,2442,1272,36081018501
1400000US36081018502,Census Tract 185.02; Queens County; New York,120286,Census Tract 185.02; Queens County; New York,2981,1480,1501,Census Tract 185.02; Queens County; New York,2981,1569,28,Census Tract 185.02; Queens County; New York,2981,2253,728,36081018502
1400000US36081018600,Census Tract 186; Queens County; New York,94750,Census Tract 186; Queens County; New York,1792,792,1000,Census Tract 186; Queens County; New York,1792,18,1102,Census Tract 186; Queens County; New York,1792,1621,171,36081018600
1400000US36081018700,Census Tract 187; Queens County; New York,95795,Census Tract 187; Queens County; New York,2968,1453,1515,Census Tract 187; Queens County; New York,2968,776,324,Census Tract 187; Queens County; New York,2968,1848,1120,36081018700
1400000US36081018800,Census Tract 188; Queens County; New York,97056,Census Tract 188; Queens County; New York,1302,731,571,Census Tract 188; Queens County; New York,1302,2,915,Census Tract 188; Queens County; New York,1302,1129,173,36081018800
1400000US36081018900,Census Tract 189; Queens County; New York,91516,Census Tract 189; Queens County; New York,3111,1511,1600,Census Tract 189; Queens County; New York,3111,647,220,Census Tract 189; Queens County; New York,3111,2346,765,36081018900
1400000US36081019000,Census Tract 190; Queens County; New York,83636,Census Tract 190; Queens County; New York,2542,1417,1125,Census Tract 190; Queens County; New York,2542,171,1506,Census Tract 190; Queens County; New York,2542,2220,322,36081019000
1400000US36081019200,Census Tract 192; Queens County; New York,102222,Census Tract 192; Queens County; New York,2133,914,1219,Census Tract 192; Queens County; New York,2133,174,1144,Census Tract 192; Queens County; New York,2133,1892,241,36081019200
1400000US36081019400,Census Tract 194; Queens County; New York,90000,Census Tract 194; Queens County; New York,2942,1441,1501,Census Tract 194; Queens County; New York,2942,76,1321,Census Tract 194; Queens County; New York,2942,2263,679,36081019400
1400000US36081019600,Census Tract 196; Queens County; New York,94766,Census Tract 196; Queens County; New York,3532,1730,1802,Census Tract 196; Queens County; New York,3532,0,2422,Census Tract 196; Queens County; New York,3532,3218,314,36081019600
1400000US36081019800,Census Tract 198; Queens County; New York,75682,Census Tract 198; Queens County; New York,2888,1545,1343,Census Tract 198; Queens County; New York,2888,53,1077,Census Tract 198; Queens County; New York,2888,2215,673,36081019800
1400000US36081019901,Census Tract 199.01; Queens County; New York,-,Census Tract 199.01; Queens County; New York,413,268,145,Census Tract 199.01; Queens County; New York,413,97,155,Census Tract 199.01; Queens County; New York,413,237,176,36081019901
1400000US36081019902,Census Tract 199.02; Queens County; New York,-,Census Tract 199.02; Queens County; New York,116,31,85,Census Tract 199.02; Queens County; New York,116,21,95,Census Tract 199.02; Queens County; New York,116,99,17,36081019902
1400000US36081019903,Census Tract 199.03; Queens County; New York,-,Census Tract 199.03; Queens County; New York,0,0,0,Census Tract 199.03; Queens County; New York,0,0,0,Census Tract 199.03; Queens County; New York,0,0,0,36081019903
1400000US36081020200,Census Tract 202; Queens County; New York,133409,Census Tract 202; Queens County; New York,1752,712,1040,Census Tract 202; Queens County; New York,1752,0,799,Census Tract 202; Queens County; New York,1752,1402,350,36081020200
1400000US36081020400,Census Tract 204; Queens County; New York,63031,Census Tract 204; Queens County; New York,2006,924,1082,Census Tract 204; Queens County; New York,2006,58,590,Census Tract 204; Queens County; New York,2006,1272,734,36081020400
1400000US36081020500,Census Tract 205; Queens County; New York,74625,Census Tract 205; Queens County; New York,1419,770,649,Census Tract 205; Queens County; New York,1419,426,35,Census Tract 205; Queens County; New York,1419,421,998,36081020500
1400000US36081020600,Census Tract 206; Queens County; New York,56818,Census Tract 206; Queens County; New York,1424,733,691,Census Tract 206; Queens County; New York,1424,93,185,Census Tract 206; Queens County; New York,1424,813,611,36081020600
1400000US36081020800,Census Tract 208; Queens County; New York,60458,Census Tract 208; Queens County; New York,3974,1915,2059,Census Tract 208; Queens County; New York,3974,741,1155,Census Tract 208; Queens County; New York,3974,2876,1098,36081020800
1400000US36081021200,Census Tract 212; Queens County; New York,63702,Census Tract 212; Queens County; New York,2651,1417,1234,Census Tract 212; Queens County; New York,2651,177,232,Census Tract 212; Queens County; New York,2651,1207,1444,36081021200
1400000US36081021400,Census Tract 214; Queens County; New York,84304,Census Tract 214; Queens County; New York,5943,3033,2910,Census Tract 214; Queens County; New York,5943,547,1700,Census Tract 214; Queens County; New York,5943,4390,1553,36081021400
1400000US36081021601,Census Tract 216.01; Queens County; New York,103958,Census Tract 216.01; Queens County; New York,2894,1454,1440,Census Tract 216.01; Queens County; New York,2894,1416,339,Census Tract 216.01; Queens County; New York,2894,2602,292,36081021601
1400000US36081021602,Census Tract 216.02; Queens County; New York,70296,Census Tract 216.02; Queens County; New York,1355,554,801,Census Tract 216.02; Queens County; New York,1355,339,47,Census Tract 216.02; Queens County; New York,1355,469,886,36081021602
1400000US36081021603,Census Tract 216.03; Queens County; New York,-,Census Tract 216.03; Queens County; New York,0,0,0,Census Tract 216.03; Queens County; New York,0,0,0,Census Tract 216.03; Queens County; New York,0,0,0,36081021603
1400000US36081021900,Census Tract 219; Queens County; New York,-,Census Tract 219; Queens County; New York,0,0,0,Census Tract 219; Queens County; New York,0,0,0,Census Tract 219; Queens County; New York,0,0,0,36081021900
1400000US36081022001,Census Tract 220.01; Queens County; New York,76336,Census Tract 220.01; Queens County; New York,6824,3420,3404,Census Tract 220.01; Queens County; New York,6824,1899,1060,Census Tract 220.01; Queens County; New York,6824,4491,2333,36081022001
1400000US36081022002,Census Tract 220.02; Queens County; New York,105068,Census Tract 220.02; Queens County; New York,6860,3343,3517,Census Tract 220.02; Queens County; New York,6860,2850,1338,Census Tract 220.02; Queens County; New York,6860,6022,838,36081022002
1400000US36081022900,Census Tract 229; Queens County; New York,-,Census Tract 229; Queens County; New York,0,0,0,Census Tract 229; Queens County; New York,0,0,0,Census Tract 229; Queens County; New York,0,0,0,36081022900
1400000US36081023000,Census Tract 230; Queens County; New York,115403,Census Tract 230; Queens County; New York,1806,978,828,Census Tract 230; Queens County; New York,1806,688,99,Census Tract 230; Queens County; New York,1806,1580,226,36081023000
1400000US36081023200,Census Tract 232; Queens County; New York,90250,Census Tract 232; Queens County; New York,5065,2624,2441,Census Tract 232; Queens County; New York,5065,929,750,Census Tract 232; Queens County; New York,5065,4172,893,36081023200
1400000US36081023501,Census Tract 235.01; Queens County; New York,58279,Census Tract 235.01; Queens County; New York,3936,2129,1807,Census Tract 235.01; Queens County; New York,3936,666,67,Census Tract 235.01; Queens County; New York,3936,1943,1993,36081023501
1400000US36081023502,Census Tract 235.02; Queens County; New York,75958,Census Tract 235.02; Queens County; New York,2673,1166,1507,Census Tract 235.02; Queens County; New York,2673,892,71,Census Tract 235.02; Queens County; New York,2673,1099,1574,36081023502
1400000US36081023600,Census Tract 236; Queens County; New York,80707,Census Tract 236; Queens County; New York,3443,1738,1705,Census Tract 236; Queens County; New York,3443,473,564,Census Tract 236; Queens County; New York,3443,2288,1155,36081023600
1400000US36081023800,Census Tract 238; Queens County; New York,62500,Census Tract 238; Queens County; New York,4691,2490,2201,Census Tract 238; Queens County; New York,4691,103,426,Census Tract 238; Queens County; New York,4691,2197,2494,36081023800
1400000US36081024000,Census Tract 240; Queens County; New York,63333,Census Tract 240; Queens County; New York,7155,3741,3414,Census Tract 240; Queens County; New York,7155,352,1212,Census Tract 240; Queens County; New York,7155,3348,3807,36081024000
1400000US36081024300,Census Tract 243; Queens County; New York,60243,Census Tract 243; Queens County; New York,5264,2615,2649,Census Tract 243; Queens County; New York,5264,1448,41,Census Tract 243; Queens County; New York,5264,2488,2776,36081024300
1400000US36081024500,Census Tract 245; Queens County; New York,66548,Census Tract 245; Queens County; New York,4997,2357,2640,Census Tract 245; Queens County; New York,4997,2151,64,Census Tract 245; Queens County; New York,4997,3782,1215,36081024500
1400000US36081024600,Census Tract 246; Queens County; New York,-,Census Tract 246; Queens County; New York,0,0,0,Census Tract 246; Queens County; New York,0,0,0,Census Tract 246; Queens County; New York,0,0,0,36081024600
1400000US36081024700,Census Tract 247; Queens County; New York,60234,Census Tract 247; Queens County; New York,1416,674,742,Census Tract 247; Queens County; New York,1416,169,54,Census Tract 247; Queens County; New York,1416,1158,258,36081024700
1400000US36081024900,Census Tract 249; Queens County; New York,77815,Census Tract 249; Queens County; New York,5424,2515,2909,Census Tract 249; Queens County; New York,5424,1707,62,Census Tract 249; Queens County; New York,5424,3536,1888,36081024900
1400000US36081025100,Census Tract 251; Queens County; New York,92929,Census Tract 251; Queens County; New York,6018,2947,3071,Census Tract 251; Queens County; New York,6018,2186,35,Census Tract 251; Queens County; New York,6018,3424,2594,36081025100
1400000US36081025301,Census Tract 253.01; Queens County; New York,71371,Census Tract 253.01; Queens County; New York,3813,1883,1930,Census Tract 253.01; Queens County; New York,3813,1670,99,Census Tract 253.01; Queens County; New York,3813,2360,1453,36081025301
1400000US36081025302,Census Tract 253.02; Queens County; New York,64180,Census Tract 253.02; Queens County; New York,3184,1600,1584,Census Tract 253.02; Queens County; New York,3184,1004,7,Census Tract 253.02; Queens County; New York,3184,1442,1742,36081025302
1400000US36081025401,Census Tract 254.01; Queens County; New York,84550,Census Tract 254.01; Queens County; New York,4230,2265,1965,Census Tract 254.01; Queens County; New York,4230,18,2728,Census Tract 254.01; Queens County; New York,4230,3966,264,36081025401
1400000US36081025402,Census Tract 254.02; Queens County; New York,35952,Census Tract 254.02; Queens County; New York,5881,2367,3514,Census Tract 254.02; Queens County; New York,5881,74,2731,Census Tract 254.02; Queens County; New York,5881,4757,1124,36081025402
1400000US36081025500,Census Tract 255; Queens County; New York,98714,Census Tract 255; Queens County; New York,1685,789,896,Census Tract 255; Queens County; New York,1685,615,0,Census Tract 255; Queens County; New York,1685,1190,495,36081025500
1400000US36081025700,Census Tract 257; Queens County; New York,84561,Census Tract 257; Queens County; New York,1458,812,646,Census Tract 257; Queens County; New York,1458,445,23,Census Tract 257; Queens County; New York,1458,1046,412,36081025700
1400000US36081025800,Census Tract 258; Queens County; New York,104698,Census Tract 258; Queens County; New York,2560,1173,1387,Census Tract 258; Queens County; New York,2560,21,1569,Census Tract 258; Queens County; New York,2560,2412,148,36081025800
1400000US36081025900,Census Tract 259; Queens County; New York,72708,Census Tract 259; Queens County; New York,3109,1563,1546,Census Tract 259; Queens County; New York,3109,877,22,Census Tract 259; Queens County; New York,3109,1753,1356,36081025900
1400000US36081026000,Census Tract 260; Queens County; New York,61202,Census Tract 260; Queens County; New York,2809,1417,1392,Census Tract 260; Queens County; New York,2809,0,2129,Census Tract 260; Queens County; New York,2809,2624,185,36081026000
1400000US36081026100,Census Tract 261; Queens County; New York,81192,Census Tract 261; Queens County; New York,7466,3399,4067,Census Tract 261; Queens County; New York,7466,1573,87,Census Tract 261; Queens County; New York,7466,4113,3353,36081026100
1400000US36081026200,Census Tract 262; Queens County; New York,80197,Census Tract 262; Queens County; New York,1684,788,896,Census Tract 262; Queens County; New York,1684,20,825,Census Tract 262; Queens County; New York,1684,1425,259,36081026200
1400000US36081026300,Census Tract 263; Queens County; New York,86974,Census Tract 263; Queens County; New York,4953,2375,2578,Census Tract 263; Queens County; New York,4953,856,88,Census Tract 263; Queens County; New York,4953,3916,1037,36081026300
1400000US36081026400,Census Tract 264; Queens County; New York,82500,Census Tract 264; Queens County; New York,2570,1301,1269,Census Tract 264; Queens County; New York,2570,24,1418,Census Tract 264; Queens County; New York,2570,2019,551,36081026400
1400000US36081026501,Census Tract 265.01; Queens County; New York,63520,Census Tract 265.01; Queens County; New York,2976,1701,1275,Census Tract 265.01; Queens County; New York,2976,808,113,Census Tract 265.01; Queens County; New York,2976,2174,802,36081026501
1400000US36081026502,Census Tract 265.02; Queens County; New York,71927,Census Tract 265.02; Queens County; New York,1354,771,583,Census Tract 265.02; Queens County; New York,1354,351,8,Census Tract 265.02; Queens County; New York,1354,554,800,36081026502
1400000US36081026600,Census Tract 266; Queens County; New York,65288,Census Tract 266; Queens County; New York,1963,948,1015,Census Tract 266; Queens County; New York,1963,40,1335,Census Tract 266; Queens County; New York,1963,1803,160,36081026600
1400000US36081026700,Census Tract 267; Queens County; New York,58077,Census Tract 267; Queens County; New York,4982,2594,2388,Census Tract 267; Queens County; New York,4982,598,143,Census Tract 267; Queens County; New York,4982,3104,1878,36081026700
1400000US36081026901,Census Tract 269.01; Queens County; New York,63971,Census Tract 269.01; Queens County; New York,4714,2297,2417,Census Tract 269.01; Queens County; New York,4714,215,8,Census Tract 269.01; Queens County; New York,4714,1873,2841,36081026901
1400000US36081026902,Census Tract 269.02; Queens County; New York,54111,Census Tract 269.02; Queens County; New York,4310,2356,1954,Census Tract 269.02; Queens County; New York,4310,271,25,Census Tract 269.02; Queens County; New York,4310,2371,1939,36081026902
1400000US36081027000,Census Tract 270; Queens County; New York,115613,Census Tract 270; Queens County; New York,2026,1042,984,Census Tract 270; Queens County; New York,2026,448,794,Census Tract 270; Queens County; New York,2026,1674,352,36081027000
1400000US36081027101,Census Tract 271.01; Queens County; New York,54460,Census Tract 271.01; Queens County; New York,5428,2697,2731,Census Tract 271.01; Queens County; New York,5428,241,0,Census Tract 271.01; Queens County; New York,5428,3229,2199,36081027101
1400000US36081027102,Census Tract 271.02; Queens County; New York,69904,Census Tract 271.02; Queens County; New York,2726,1426,1300,Census Tract 271.02; Queens County; New York,2726,182,41,Census Tract 271.02; Queens County; New York,2726,497,2229,36081027102
1400000US36081027200,Census Tract 272; Queens County; New York,94464,Census Tract 272; Queens County; New York,1878,934,944,Census Tract 272; Queens County; New York,1878,0,1199,Census Tract 272; Queens County; New York,1878,1577,301,36081027200
1400000US36081027301,Census Tract 273.01; Queens County; New York,67266,Census Tract 273.01; Queens County; New York,3004,1599,1405,Census Tract 273.01; Queens County; New York,3004,638,0,Census Tract 273.01; Queens County; New York,3004,676,2328,36081027301
1400000US36081027302,Census Tract 273.02; Queens County; New York,71818,Census Tract 273.02; Queens County; New York,4169,2657,1512,Census Tract 273.02; Queens County; New York,4169,989,99,Census Tract 273.02; Queens County; New York,4169,1132,3037,36081027302
1400000US36081027400,Census Tract 274; Queens County; New York,65000,Census Tract 274; Queens County; New York,2060,945,1115,Census Tract 274; Queens County; New York,2060,27,1449,Census Tract 274; Queens County; New York,2060,1748,312,36081027400
1400000US36081027500,Census Tract 275; Queens County; New York,65993,Census Tract 275; Queens County; New York,7128,4086,3042,Census Tract 275; Queens County; New York,7128,1038,95,Census Tract 275; Queens County; New York,7128,2605,4523,36081027500
1400000US36081027600,Census Tract 276; Queens County; New York,-,Census Tract 276; Queens County; New York,1515,664,851,Census Tract 276; Queens County; New York,1515,36,778,Census Tract 276; Queens County; New York,1515,987,528,36081027600
1400000US36081027701,Census Tract 277.01; Queens County; New York,63667,Census Tract 277.01; Queens County; New York,3789,1925,1864,Census Tract 277.01; Queens County; New York,3789,1009,20,Census Tract 277.01; Queens County; New York,3789,653,3136,36081027701
1400000US36081027702,Census Tract 277.02; Queens County; New York,58984,Census Tract 277.02; Queens County; New York,3292,1605,1687,Census Tract 277.02; Queens County; New York,3292,674,24,Census Tract 277.02; Queens County; New York,3292,1206,2086,36081027702
1400000US36081027800,Census Tract 278; Queens County; New York,55365,Census Tract 278; Queens County; New York,2520,1107,1413,Census Tract 278; Queens County; New York,2520,95,1836,Census Tract 278; Queens County; New York,2520,1947,573,36081027800
1400000US36081027900,Census Tract 279; Queens County; New York,83614,Census Tract 279; Queens County; New York,8605,4777,3828,Census Tract 279; Queens County; New York,8605,2068,133,Census Tract 279; Queens County; New York,8605,1961,6644,36081027900
1400000US36081028000,Census Tract 280; Queens County; New York,64803,Census Tract 280; Queens County; New York,1633,737,896,Census Tract 280; Queens County; New York,1633,58,891,Census Tract 280; Queens County; New York,1633,1270,363,36081028000
1400000US36081028100,Census Tract 281; Queens County; New York,61699,Census Tract 281; Queens County; New York,6271,2809,3462,Census Tract 281; Queens County; New York,6271,2614,89,Census Tract 281; Queens County; New York,6271,2684,3587,36081028100
1400000US36081028200,Census Tract 282; Queens County; New York,80556,Census Tract 282; Queens County; New York,2022,892,1130,Census Tract 282; Queens County; New York,2022,59,1536,Census Tract 282; Queens County; New York,2022,1789,233,36081028200
1400000US36081028300,Census Tract 283; Queens County; New York,83750,Census Tract 283; Queens County; New York,7443,3706,3737,Census Tract 283; Queens County; New York,7443,2610,476,Census Tract 283; Queens County; New York,7443,3507,3936,36081028300
1400000US36081028400,Census Tract 284; Queens County; New York,87682,Census Tract 284; Queens County; New York,3581,1896,1685,Census Tract 284; Queens County; New York,3581,60,3312,Census Tract 284; Queens County; New York,3581,3365,216,36081028400
1400000US36081028500,Census Tract 285; Queens County; New York,120758,Census Tract 285; Queens County; New York,5266,2773,2493,Census Tract 285; Queens County; New York,5266,2753,165,Census Tract 285; Queens County; New York,5266,3217,2049,36081028500
1400000US36081028700,Census Tract 287; Queens County; New York,80250,Census Tract 287; Queens County; New York,6697,3251,3446,Census Tract 287; Queens County; New York,6697,2495,105,Census Tract 287; Queens County; New York,6697,3949,2748,36081028700
1400000US36081028801,Census Tract 288.01; Queens County; New York,87946,Census Tract 288.01; Queens County; New York,2648,1180,1468,Census Tract 288.01; Queens County; New York,2648,27,2099,Census Tract 288.01; Queens County; New York,2648,2544,104,36081028801
1400000US36081028802,Census Tract 288.02; Queens County; New York,79519,Census Tract 288.02; Queens County; New York,2185,823,1362,Census Tract 288.02; Queens County; New York,2185,245,1384,Census Tract 288.02; Queens County; New York,2185,1697,488,36081028802
1400000US36081028803,Census Tract 288.03; Queens County; New York,-,Census Tract 288.03; Queens County; New York,0,0,0,Census Tract 288.03; Queens County; New York,0,0,0,Census Tract 288.03; Queens County; New York,0,0,0,36081028803
1400000US36081028900,Census Tract 289; Queens County; New York,81644,Census Tract 289; Queens County; New York,4932,2182,2750,Census Tract 289; Queens County; New York,4932,2468,0,Census Tract 289; Queens County; New York,4932,3902,1030,36081028900
1400000US36081029100,Census Tract 291; Queens County; New York,64051,Census Tract 291; Queens County; New York,6487,3371,3116,Census Tract 291; Queens County; New York,6487,1276,67,Census Tract 291; Queens County; New York,6487,5007,1480,36081029100
1400000US36081029300,Census Tract 293; Queens County; New York,55714,Census Tract 293; Queens County; New York,1105,527,578,Census Tract 293; Queens County; New York,1105,166,4,Census Tract 293; Queens County; New York,1105,852,253,36081029300
1400000US36081029400,Census Tract 294; Queens County; New York,102472,Census Tract 294; Queens County; New York,8246,4040,4206,Census Tract 294; Queens County; New York,8246,568,5809,Census Tract 294; Queens County; New York,8246,6550,1696,36081029400
1400000US36081029500,Census Tract 295; Queens County; New York,81014,Census Tract 295; Queens County; New York,3652,1869,1783,Census Tract 295; Queens County; New York,3652,1504,151,Census Tract 295; Queens County; New York,3652,2953,699,36081029500
1400000US36081029700,Census Tract 297; Queens County; New York,107979,Census Tract 297; Queens County; New York,2450,1240,1210,Census Tract 297; Queens County; New York,2450,965,4,Census Tract 297; Queens County; New York,2450,1315,1135,36081029700
1400000US36081029900,Census Tract 299; Queens County; New York,-,Census Tract 299; Queens County; New York,0,0,0,Census Tract 299; Queens County; New York,0,0,0,Census Tract 299; Queens County; New York,0,0,0,36081029900
1400000US36081030600,Census Tract 306; Queens County; New York,99158,Census Tract 306; Queens County; New York,5436,2707,2729,Census Tract 306; Queens County; New York,5436,162,4020,Census Tract 306; Queens County; New York,5436,4647,789,36081030600
1400000US36081030903,Census Tract 309.03; Queens County; New York,74444,Census Tract 309.03; Queens County; New York,4284,2191,2093,Census Tract 309.03; Queens County; New York,4284,1041,0,Census Tract 309.03; Queens County; New York,4284,2788,1496,36081030903
1400000US36081030904,Census Tract 309.04; Queens County; New York,55489,Census Tract 309.04; Queens County; New York,2616,1400,1216,Census Tract 309.04; Queens County; New York,2616,700,15,Census Tract 309.04; Queens County; New York,2616,1363,1253,36081030904
1400000US36081030905,Census Tract 309.05; Queens County; New York,72857,Census Tract 309.05; Queens County; New York,3670,1796,1874,Census Tract 309.05; Queens County; New York,3670,892,154,Census Tract 309.05; Queens County; New York,3670,1943,1727,36081030905
1400000US36081030906,Census Tract 309.06; Queens County; New York,81875,Census Tract 309.06; Queens County; New York,3650,1726,1924,Census Tract 309.06; Queens County; New York,3650,622,6,Census Tract 309.06; Queens County; New York,3650,2222,1428,36081030906
1400000US36081031700,Census Tract 317; Queens County; New York,73846,Census Tract 317; Queens County; New York,5816,2812,3004,Census Tract 317; Queens County; New York,5816,4626,358,Census Tract 317; Queens County; New York,5816,4616,1200,36081031700
1400000US36081032000,Census Tract 320; Queens County; New York,97022,Census Tract 320; Queens County; New York,5514,2567,2947,Census Tract 320; Queens County; New York,5514,379,4042,Census Tract 320; Queens County; New York,5514,4729,785,36081032000
1400000US36081032700,Census Tract 327; Queens County; New York,91830,Census Tract 327; Queens County; New York,3813,1936,1877,Census Tract 327; Queens County; New York,3813,530,18,Census Tract 327; Queens County; New York,3813,1357,2456,36081032700
1400000US36081032800,Census Tract 328; Queens County; New York,100260,Census Tract 328; Queens County; New York,3121,1539,1582,Census Tract 328; Queens County; New York,3121,4,2624,Census Tract 328; Queens County; New York,3121,2758,363,36081032800
1400000US36081032900,Census Tract 329; Queens County; New York,71680,Census Tract 329; Queens County; New York,3823,1913,1910,Census Tract 329; Queens County; New York,3823,367,827,Census Tract 329; Queens County; New York,3823,2217,1606,36081032900
1400000US36081033000,Census Tract 330; Queens County; New York,103550,Census Tract 330; Queens County; New York,6722,2744,3978,Census Tract 330; Queens County; New York,6722,51,5402,Census Tract 330; Queens County; New York,6722,5988,734,36081033000
1400000US36081033100,Census Tract 331; Queens County; New York,-,Census Tract 331; Queens County; New York,0,0,0,Census Tract 331; Queens County; New York,0,0,0,Census Tract 331; Queens County; New York,0,0,0,36081033100
1400000US36081033401,Census Tract 334.01; Queens County; New York,85547,Census Tract 334.01; Queens County; New York,4000,1577,2423,Census Tract 334.01; Queens County; New York,4000,21,3699,Census Tract 334.01; Queens County; New York,4000,3468,532,36081033401
1400000US36081033403,Census Tract 334.03; Queens County; New York,52973,Census Tract 334.03; Queens County; New York,4329,1640,2689,Census Tract 334.03; Queens County; New York,4329,92,3954,Census Tract 334.03; Queens County; New York,4329,4181,148,36081033403
1400000US36081033404,Census Tract 334.04; Queens County; New York,55366,Census Tract 334.04; Queens County; New York,6406,2542,3864,Census Tract 334.04; Queens County; New York,6406,21,5687,Census Tract 334.04; Queens County; New York,6406,6323,83,36081033404
1400000US36081033405,Census Tract 334.05; Queens County; New York,79895,Census Tract 334.05; Queens County; New York,3301,1376,1925,Census Tract 334.05; Queens County; New York,3301,200,2870,Census Tract 334.05; Queens County; New York,3301,2965,336,36081033405
1400000US36081033700,Census Tract 337; Queens County; New York,106250,Census Tract 337; Queens County; New York,2784,1269,1515,Census Tract 337; Queens County; New York,2784,599,0,Census Tract 337; Queens County; New York,2784,994,1790,36081033700
1400000US36081033900,Census Tract 339; Queens County; New York,64404,Census Tract 339; Queens County; New York,2925,1500,1425,Census Tract 339; Queens County; New York,2925,1029,195,Census Tract 339; Queens County; New York,2925,1509,1416,36081033900
1400000US36081034700,Census Tract 347; Queens County; New York,75583,Census Tract 347; Queens County; New York,3636,2175,1461,Census Tract 347; Queens County; New York,3636,417,327,Census Tract 347; Queens County; New York,3636,1154,2482,36081034700
1400000US36081035100,Census Tract 351; Queens County; New York,89408,Census Tract 351; Queens County; New York,3649,1964,1685,Census Tract 351; Queens County; New York,3649,625,233,Census Tract 351; Queens County; New York,3649,1214,2435,36081035100
1400000US36081035200,Census Tract 352; Queens County; New York,117031,Census Tract 352; Queens County; New York,2776,1215,1561,Census Tract 352; Queens County; New York,2776,24,2040,Census Tract 352; Queens County; New York,2776,2540,236,36081035200
1400000US36081035300,Census Tract 353; Queens County; New York,100673,Census Tract 353; Queens County; New York,1942,1103,839,Census Tract 353; Queens County; New York,1942,128,270,Census Tract 353; Queens County; New York,1942,532,1410,36081035300
1400000US36081035700,Census Tract 357; Queens County; New York,91494,Census Tract 357; Queens County; New York,4475,2072,2403,Census Tract 357; Queens County; New York,4475,654,1376,Census Tract 357; Queens County; New York,4475,2495,1980,36081035700
1400000US36081035800,Census Tract 358; Queens County; New York,95476,Census Tract 358; Queens County; New York,4210,1812,2398,Census Tract 358; Queens County; New York,4210,113,3773,Census Tract 358; Queens County; New York,4210,3970,240,36081035800
1400000US36081036100,Census Tract 361; Queens County; New York,95096,Census Tract 361; Queens County; New York,2307,1206,1101,Census Tract 361; Queens County; New York,2307,164,594,Census Tract 361; Queens County; New York,2307,1000,1307,36081036100
1400000US36081036300,Census Tract 363; Queens County; New York,75469,Census Tract 363; Queens County; New York,2173,1201,972,Census Tract 363; Queens County; New York,2173,189,423,Census Tract 363; Queens County; New York,2173,697,1476,36081036300
1400000US36081036500,Census Tract 365; Queens County; New York,72125,Census Tract 365; Queens County; New York,2944,1668,1276,Census Tract 365; Queens County; New York,2944,69,435,Census Tract 365; Queens County; New York,2944,721,2223,36081036500
1400000US36081036600,Census Tract 366; Queens County; New York,91215,Census Tract 366; Queens County; New York,3089,1310,1779,Census Tract 366; Queens County; New York,3089,25,2526,Census Tract 366; Queens County; New York,3089,2771,318,36081036600
1400000US36081036700,Census Tract 367; Queens County; New York,69821,Census Tract 367; Queens County; New York,2492,1228,1264,Census Tract 367; Queens County; New York,2492,193,638,Census Tract 367; Queens County; New York,2492,1089,1403,36081036700
1400000US36081036800,Census Tract 368; Queens County; New York,138750,Census Tract 368; Queens County; New York,2842,1383,1459,Census Tract 368; Queens County; New York,2842,25,2378,Census Tract 368; Queens County; New York,2842,2744,98,36081036800
1400000US36081037100,Census Tract 371; Queens County; New York,74702,Census Tract 371; Queens County; New York,1506,755,751,Census Tract 371; Queens County; New York,1506,107,575,Census Tract 371; Queens County; New York,1506,796,710,36081037100
1400000US36081037300,Census Tract 373; Queens County; New York,73352,Census Tract 373; Queens County; New York,2484,1330,1154,Census Tract 373; Queens County; New York,2484,75,210,Census Tract 373; Queens County; New York,2484,615,1869,36081037300
1400000US36081037501,Census Tract 375.01; Queens County; New York,78942,Census Tract 375.01; Queens County; New York,1609,939,670,Census Tract 375.01; Queens County; New York,1609,431,0,Census Tract 375.01; Queens County; New York,1609,116,1493,36081037501
1400000US36081037502,Census Tract 375.02; Queens County; New York,72100,Census Tract 375.02; Queens County; New York,2683,1167,1516,Census Tract 375.02; Queens County; New York,2683,152,431,Census Tract 375.02; Queens County; New York,2683,581,2102,36081037502
1400000US36081037600,Census Tract 376; Queens County; New York,96188,Census Tract 376; Queens County; New York,6982,2605,4377,Census Tract 376; Queens County; New York,6982,69,6238,Census Tract 376; Queens County; New York,6982,6681,301,36081037600
1400000US36081037700,Census Tract 377; Queens County; New York,90714,Census Tract 377; Queens County; New York,4061,2312,1749,Census Tract 377; Queens County; New York,4061,752,283,Census Tract 377; Queens County; New York,4061,419,3642,36081037700
1400000US36081037900,Census Tract 379; Queens County; New York,81216,Census Tract 379; Queens County; New York,6112,3257,2855,Census Tract 379; Queens County; New York,6112,793,303,Census Tract 379; Queens County; New York,6112,641,5471,36081037900
1400000US36081038100,Census Tract 381; Queens County; New York,81484,Census Tract 381; Queens County; New York,7308,4125,3183,Census Tract 381; Queens County; New York,7308,891,1215,Census Tract 381; Queens County; New York,7308,2166,5142,36081038100
1400000US36081038301,Census Tract 383.01; Queens County; New York,-,Census Tract 383.01; Queens County; New York,0,0,0,Census Tract 383.01; Queens County; New York,0,0,0,Census Tract 383.01; Queens County; New York,0,0,0,36081038301
1400000US36081038302,Census Tract 383.02; Queens County; New York,-,Census Tract 383.02; Queens County; New York,0,0,0,Census Tract 383.02; Queens County; New York,0,0,0,Census Tract 383.02; Queens County; New York,0,0,0,36081038302
1400000US36081038400,Census Tract 384; Queens County; New York,101500,Census Tract 384; Queens County; New York,2700,1155,1545,Census Tract 384; Queens County; New York,2700,8,2451,Census Tract 384; Queens County; New York,2700,2613,87,36081038400
1400000US36081039400,Census Tract 394; Queens County; New York,98646,Census Tract 394; Queens County; New York,3201,1340,1861,Census Tract 394; Queens County; New York,3201,26,2505,Census Tract 394; Queens County; New York,3201,2887,314,36081039400
1400000US36081039800,Census Tract 398; Queens County; New York,93563,Census Tract 398; Queens County; New York,1545,710,835,Census Tract 398; Queens County; New York,1545,57,1385,Census Tract 398; Queens County; New York,1545,1365,180,36081039800
1400000US36081039901,Census Tract 399.01; Queens County; New York,103981,Census Tract 399.01; Queens County; New York,2305,1086,1219,Census Tract 399.01; Queens County; New York,2305,543,24,Census Tract 399.01; Queens County; New York,2305,380,1925,36081039901
1400000US36081039902,Census Tract 399.02; Queens County; New York,55481,Census Tract 399.02; Queens County; New York,1970,1049,921,Census Tract 399.02; Queens County; New York,1970,370,204,Census Tract 399.02; Queens County; New York,1970,626,1344,36081039902
1400000US36081040000,Census Tract 400; Queens County; New York,110577,Census Tract 400; Queens County; New York,1495,715,780,Census Tract 400; Queens County; New York,1495,16,1109,Census Tract 400; Queens County; New York,1495,1343,152,36081040000
1400000US36081040101,Census Tract 401.01; Queens County; New York,61203,Census Tract 401.01; Queens County; New York,2696,1504,1192,Census Tract 401.01; Queens County; New York,2696,118,27,Census Tract 401.01; Queens County; New York,2696,414,2282,36081040101
1400000US36081040102,Census Tract 401.02; Queens County; New York,74181,Census Tract 401.02; Queens County; New York,4638,2488,2150,Census Tract 401.02; Queens County; New York,4638,649,69,Census Tract 401.02; Queens County; New York,4638,568,4070,36081040102
1400000US36081040200,Census Tract 402; Queens County; New York,146250,Census Tract 402; Queens County; New York,1712,703,1009,Census Tract 402; Queens County; New York,1712,29,1028,Census Tract 402; Queens County; New York,1712,1556,156,36081040200
1400000US36081040301,Census Tract 403.01; Queens County; New York,36921,Census Tract 403.01; Queens County; New York,2853,1642,1211,Census Tract 403.01; Queens County; New York,2853,204,102,Census Tract 403.01; Queens County; New York,2853,856,1997,36081040301
1400000US36081040302,Census Tract 403.02; Queens County; New York,79231,Census Tract 403.02; Queens County; New York,3941,2428,1513,Census Tract 403.02; Queens County; New York,3941,981,19,Census Tract 403.02; Queens County; New York,3941,542,3399,36081040302
1400000US36081040400,Census Tract 404; Queens County; New York,91556,Census Tract 404; Queens County; New York,3998,1958,2040,Census Tract 404; Queens County; New York,3998,114,3012,Census Tract 404; Queens County; New York,3998,3583,415,36081040400
1400000US36081040501,Census Tract 405.01; Queens County; New York,100818,Census Tract 405.01; Queens County; New York,997,439,558,Census Tract 405.01; Queens County; New York,997,28,82,Census Tract 405.01; Queens County; New York,997,99,898,36081040501
1400000US36081040502,Census Tract 405.02; Queens County; New York,81144,Census Tract 405.02; Queens County; New York,1912,1037,875,Census Tract 405.02; Queens County; New York,1912,425,7,Census Tract 405.02; Queens County; New York,1912,218,1694,36081040502
1400000US36081040701,Census Tract 407.01; Queens County; New York,56375,Census Tract 407.01; Queens County; New York,3264,1388,1876,Census Tract 407.01; Queens County; New York,3264,270,0,Census Tract 407.01; Queens County; New York,3264,201,3063,36081040701
1400000US36081040702,Census Tract 407.02; Queens County; New York,100525,Census Tract 407.02; Queens County; New York,3888,2183,1705,Census Tract 407.02; Queens County; New York,3888,178,95,Census Tract 407.02; Queens County; New York,3888,507,3381,36081040702
1400000US36081040901,Census Tract 409.01; Queens County; New York,117742,Census Tract 409.01; Queens County; New York,2082,1065,1017,Census Tract 409.01; Queens County; New York,2082,561,0,Census Tract 409.01; Queens County; New York,2082,353,1729,36081040901
1400000US36081040902,Census Tract 409.02; Queens County; New York,79800,Census Tract 409.02; Queens County; New York,3176,1723,1453,Census Tract 409.02; Queens County; New York,3176,212,51,Census Tract 409.02; Queens County; New York,3176,173,3003,36081040902
1400000US36081041100,Census Tract 411; Queens County; New York,70490,Census Tract 411; Queens County; New York,4010,2148,1862,Census Tract 411; Queens County; New York,4010,949,23,Census Tract 411; Queens County; New York,4010,680,3330,36081041100
1400000US36081041300,Census Tract 413; Queens County; New York,62361,Census Tract 413; Queens County; New York,4504,1945,2559,Census Tract 413; Queens County; New York,4504,820,68,Census Tract 413; Queens County; New York,4504,739,3765,36081041300
1400000US36081041400,Census Tract 414; Queens County; New York,91500,Census Tract 414; Queens County; New York,4515,2077,2438,Census Tract 414; Queens County; New York,4515,126,2613,Census Tract 414; Queens County; New York,4515,4335,180,36081041400
1400000US36081041500,Census Tract 415; Queens County; New York,65833,Census Tract 415; Queens County; New York,3941,2154,1787,Census Tract 415; Queens County; New York,3941,583,268,Census Tract 415; Queens County; New York,3941,401,3540,36081041500
1400000US36081042400,Census Tract 424; Queens County; New York,79384,Census Tract 424; Queens County; New York,2696,1069,1627,Census Tract 424; Queens County; New York,2696,43,2265,Census Tract 424; Queens County; New York,2696,2600,96,36081042400
1400000US36081042600,Census Tract 426; Queens County; New York,-,Census Tract 426; Queens County; New York,474,449,25,Census Tract 426; Queens County; New York,474,157,196,Census Tract 426; Queens County; New York,474,382,92,36081042600
1400000US36081042700,Census Tract 427; Queens County; New York,59773,Census Tract 427; Queens County; New York,4226,2079,2147,Census Tract 427; Queens County; New York,4226,491,455,Census Tract 427; Queens County; New York,4226,712,3514,36081042700
1400000US36081043200,Census Tract 432; Queens County; New York,87083,Census Tract 432; Queens County; New York,1290,632,658,Census Tract 432; Queens County; New York,1290,6,1100,Census Tract 432; Queens County; New York,1290,1270,20,36081043200
1400000US36081043400,Census Tract 434; Queens County; New York,101691,Census Tract 434; Queens County; New York,1861,750,1111,Census Tract 434; Queens County; New York,1861,104,1209,Census Tract 434; Queens County; New York,1861,1604,257,36081043400
1400000US36081043701,Census Tract 437.01; Queens County; New York,63333,Census Tract 437.01; Queens County; New York,3398,1852,1546,Census Tract 437.01; Queens County; New York,3398,736,445,Census Tract 437.01; Queens County; New York,3398,849,2549,36081043701
1400000US36081043702,Census Tract 437.02; Queens County; New York,66250,Census Tract 437.02; Queens County; New York,6925,3162,3763,Census Tract 437.02; Queens County; New York,6925,1767,462,Census Tract 437.02; Queens County; New York,6925,2890,4035,36081043702
1400000US36081043900,Census Tract 439; Queens County; New York,62333,Census Tract 439; Queens County; New York,3450,1814,1636,Census Tract 439; Queens County; New York,3450,673,319,Census Tract 439; Queens County; New York,3450,500,2950,36081043900
1400000US36081044000,Census Tract 440; Queens County; New York,61970,Census Tract 440; Queens County; New York,3734,1742,1992,Census Tract 440; Queens County; New York,3734,35,1863,Census Tract 440; Queens County; New York,3734,2652,1082,36081044000
1400000US36081044301,Census Tract 443.01; Queens County; New York,26859,Census Tract 443.01; Queens County; New York,3543,1535,2008,Census Tract 443.01; Queens County; New York,3543,471,350,Census Tract 443.01; Queens County; New York,3543,816,2727,36081044301
1400000US36081044302,Census Tract 443.02; Queens County; New York,63247,Census Tract 443.02; Queens County; New York,4803,2367,2436,Census Tract 443.02; Queens County; New York,4803,387,639,Census Tract 443.02; Queens County; New York,4803,2745,2058,36081044302
1400000US36081044400,Census Tract 444; Queens County; New York,44805,Census Tract 444; Queens County; New York,3925,1979,1946,Census Tract 444; Queens County; New York,3925,109,1266,Census Tract 444; Queens County; New York,3925,3264,661,36081044400
1400000US36081044601,Census Tract 446.01; Queens County; New York,55278,Census Tract 446.01; Queens County; New York,3775,1744,2031,Census Tract 446.01; Queens County; New York,3775,102,1007,Census Tract 446.01; Queens County; New York,3775,2247,1528,36081044601
1400000US36081044602,Census Tract 446.02; Queens County; New York,44338,Census Tract 446.02; Queens County; New York,5354,2691,2663,Census Tract 446.02; Queens County; New York,5354,648,1037,Census Tract 446.02; Queens County; New York,5354,3736,1618,36081044602
1400000US36081044800,Census Tract 448; Queens County; New York,71765,Census Tract 448; Queens County; New York,2726,1368,1358,Census Tract 448; Queens County; New York,2726,239,222,Census Tract 448; Queens County; New York,2726,1930,796,36081044800
1400000US36081045000,Census Tract 450; Queens County; New York,134081,Census Tract 450; Queens County; New York,2137,827,1310,Census Tract 450; Queens County; New York,2137,477,184,Census Tract 450; Queens County; New York,2137,1996,141,36081045000
1400000US36081045200,Census Tract 452; Queens County; New York,59896,Census Tract 452; Queens County; New York,993,522,471,Census Tract 452; Queens County; New York,993,140,116,Census Tract 452; Queens County; New York,993,836,157,36081045200
1400000US36081045400,Census Tract 454; Queens County; New York,70000,Census Tract 454; Queens County; New York,4776,2308,2468,Census Tract 454; Queens County; New York,4776,93,562,Census Tract 454; Queens County; New York,4776,4406,370,36081045400
1400000US36081045500,Census Tract 455; Queens County; New York,76386,Census Tract 455; Queens County; New York,12756,6764,5992,Census Tract 455; Queens County; New York,12756,2353,4653,Census Tract 455; Queens County; New York,12756,8062,4694,36081045500
1400000US36081045600,Census Tract 456; Queens County; New York,74792,Census Tract 456; Queens County; New York,1195,621,574,Census Tract 456; Queens County; New York,1195,47,7,Census Tract 456; Queens County; New York,1195,1044,151,36081045600
1400000US36081045700,Census Tract 457; Queens County; New York,73684,Census Tract 457; Queens County; New York,3499,1802,1697,Census Tract 457; Queens County; New York,3499,504,14,Census Tract 457; Queens County; New York,3499,2134,1365,36081045700
1400000US36081045800,Census Tract 458; Queens County; New York,80972,Census Tract 458; Queens County; New York,2436,1257,1179,Census Tract 458; Queens County; New York,2436,203,372,Census Tract 458; Queens County; New York,2436,2240,196,36081045800
1400000US36081045900,Census Tract 459; Queens County; New York,84846,Census Tract 459; Queens County; New York,3832,2027,1805,Census Tract 459; Queens County; New York,3832,154,67,Census Tract 459; Queens County; New York,3832,1965,1867,36081045900
1400000US36081046000,Census Tract 460; Queens County; New York,67375,Census Tract 460; Queens County; New York,5703,2764,2939,Census Tract 460; Queens County; New York,5703,468,1059,Census Tract 460; Queens County; New York,5703,4012,1691,36081046000
1400000US36081046100,Census Tract 461; Queens County; New York,84844,Census Tract 461; Queens County; New York,2512,1402,1110,Census Tract 461; Queens County; New York,2512,226,7,Census Tract 461; Queens County; New York,2512,998,1514,36081046100
1400000US36081046200,Census Tract 462; Queens County; New York,56679,Census Tract 462; Queens County; New York,6178,3171,3007,Census Tract 462; Queens County; New York,6178,324,1154,Census Tract 462; Queens County; New York,6178,5187,991,36081046200
1400000US36081046300,Census Tract 463; Queens County; New York,73555,Census Tract 463; Queens County; New York,4116,2076,2040,Census Tract 463; Queens County; New York,4116,85,147,Census Tract 463; Queens County; New York,4116,1568,2548,36081046300
1400000US36081046400,Census Tract 464; Queens County; New York,113043,Census Tract 464; Queens County; New York,2123,1045,1078,Census Tract 464; Queens County; New York,2123,666,402,Census Tract 464; Queens County; New York,2123,1562,561,36081046400
1400000US36081046500,Census Tract 465; Queens County; New York,88365,Census Tract 465; Queens County; New York,4574,2644,1930,Census Tract 465; Queens County; New York,4574,373,8,Census Tract 465; Queens County; New York,4574,336,4238,36081046500
1400000US36081046600,Census Tract 466; Queens County; New York,75493,Census Tract 466; Queens County; New York,4627,2309,2318,Census Tract 466; Queens County; New York,4627,341,1263,Census Tract 466; Queens County; New York,4627,3836,791,36081046600
1400000US36081046700,Census Tract 467; Queens County; New York,78932,Census Tract 467; Queens County; New York,7445,4020,3425,Census Tract 467; Queens County; New York,7445,814,193,Census Tract 467; Queens County; New York,7445,1998,5447,36081046700
1400000US36081046800,Census Tract 468; Queens County; New York,81833,Census Tract 468; Queens County; New York,3735,1736,1999,Census Tract 468; Queens County; New York,3735,94,751,Census Tract 468; Queens County; New York,3735,3480,255,36081046800
1400000US36081046901,Census Tract 469.01; Queens County; New York,68601,Census Tract 469.01; Queens County; New York,4566,2195,2371,Census Tract 469.01; Queens County; New York,4566,275,23,Census Tract 469.01; Queens County; New York,4566,2728,1838,36081046901
1400000US36081046902,Census Tract 469.02; Queens County; New York,88200,Census Tract 469.02; Queens County; New York,3157,1580,1577,Census Tract 469.02; Queens County; New York,3157,293,52,Census Tract 469.02; Queens County; New York,3157,979,2178,36081046902
1400000US36081047000,Census Tract 470; Queens County; New York,77045,Census Tract 470; Queens County; New York,3341,1616,1725,Census Tract 470; Queens County; New York,3341,102,170,Census Tract 470; Queens County; New York,3341,2500,841,36081047000
1400000US36081047100,Census Tract 471; Queens County; New York,62635,Census Tract 471; Queens County; New York,4362,2302,2060,Census Tract 471; Queens County; New York,4362,163,11,Census Tract 471; Queens County; New York,4362,3410,952,36081047100
1400000US36081047200,Census Tract 472; Queens County; New York,117344,Census Tract 472; Queens County; New York,3952,2036,1916,Census Tract 472; Queens County; New York,3952,1028,1047,Census Tract 472; Queens County; New York,3952,3450,502,36081047200
1400000US36081047300,Census Tract 473; Queens County; New York,65083,Census Tract 473; Queens County; New York,4177,1663,2514,Census Tract 473; Queens County; New York,4177,306,37,Census Tract 473; Queens County; New York,4177,3418,759,36081047300
1400000US36081047500,Census Tract 475; Queens County; New York,84160,Census Tract 475; Queens County; New York,4987,2590,2397,Census Tract 475; Queens County; New York,4987,760,67,Census Tract 475; Queens County; New York,4987,3171,1816,36081047500
1400000US36081047600,Census Tract 476; Queens County; New York,112567,Census Tract 476; Queens County; New York,1362,647,715,Census Tract 476; Queens County; New York,1362,474,217,Census Tract 476; Queens County; New York,1362,1296,66,36081047600
1400000US36081047801,Census Tract 478.01; Queens County; New York,54045,Census Tract 478.01; Queens County; New York,4020,2232,1788,Census Tract 478.01; Queens County; New York,4020,928,1049,Census Tract 478.01; Queens County; New York,4020,3050,970,36081047801
1400000US36081047802,Census Tract 478.02; Queens County; New York,96050,Census Tract 478.02; Queens County; New York,1320,666,654,Census Tract 478.02; Queens County; New York,1320,32,574,Census Tract 478.02; Queens County; New York,1320,1150,170,36081047802
1400000US36081047900,Census Tract 479; Queens County; New York,89395,Census Tract 479; Queens County; New York,6101,2865,3236,Census Tract 479; Queens County; New York,6101,506,406,Census Tract 479; Queens County; New York,6101,5171,930,36081047900
1400000US36081048000,Census Tract 480; Queens County; New York,76250,Census Tract 480; Queens County; New York,2301,1126,1175,Census Tract 480; Queens County; New York,2301,140,88,Census Tract 480; Queens County; New York,2301,1784,517,36081048000
1400000US36081048100,Census Tract 481; Queens County; New York,69250,Census Tract 481; Queens County; New York,6530,3238,3292,Census Tract 481; Queens County; New York,6530,897,198,Census Tract 481; Queens County; New York,6530,4073,2457,36081048100
1400000US36081048200,Census Tract 482; Queens County; New York,74907,Census Tract 482; Queens County; New York,1241,620,621,Census Tract 482; Queens County; New York,1241,160,362,Census Tract 482; Queens County; New York,1241,1094,147,36081048200
1400000US36081048301,Census Tract 483.01; Queens County; New York,68125,Census Tract 483.01; Queens County; New York,2076,1018,1058,Census Tract 483.01; Queens County; New York,2076,333,13,Census Tract 483.01; Queens County; New York,2076,1695,381,36081048301
1400000US36081048302,Census Tract 483.02; Queens County; New York,88051,Census Tract 483.02; Queens County; New York,1967,1037,930,Census Tract 483.02; Queens County; New York,1967,456,0,Census Tract 483.02; Queens County; New York,1967,1111,856,36081048302
1400000US36081048400,Census Tract 484; Queens County; New York,82515,Census Tract 484; Queens County; New York,4932,2354,2578,Census Tract 484; Queens County; New York,4932,192,974,Census Tract 484; Queens County; New York,4932,4196,736,36081048400
1400000US36081048500,Census Tract 485; Queens County; New York,64159,Census Tract 485; Queens County; New York,4963,2299,2664,Census Tract 485; Queens County; New York,4963,139,40,Census Tract 485; Queens County; New York,4963,3572,1391,36081048500
1400000US36081048900,Census Tract 489; Queens County; New York,59106,Census Tract 489; Queens County; New York,1670,978,692,Census Tract 489; Queens County; New York,1670,304,27,Census Tract 489; Queens County; New York,1670,878,792,36081048900
1400000US36081049201,Census Tract 492.01; Queens County; New York,82750,Census Tract 492.01; Queens County; New York,3034,1251,1783,Census Tract 492.01; Queens County; New York,3034,102,2093,Census Tract 492.01; Queens County; New York,3034,2524,510,36081049201
1400000US36081049202,Census Tract 492.02; Queens County; New York,108053,Census Tract 492.02; Queens County; New York,2517,1251,1266,Census Tract 492.02; Queens County; New York,2517,68,522,Census Tract 492.02; Queens County; New York,2517,2065,452,36081049202
1400000US36081049301,Census Tract 493.01; Queens County; New York,65357,Census Tract 493.01; Queens County; New York,2317,1143,1174,Census Tract 493.01; Queens County; New York,2317,852,0,Census Tract 493.01; Queens County; New York,2317,1882,435,36081049301
1400000US36081049302,Census Tract 493.02; Queens County; New York,58384,Census Tract 493.02; Queens County; New York,3126,1590,1536,Census Tract 493.02; Queens County; New York,3126,858,76,Census Tract 493.02; Queens County; New York,3126,1677,1449,36081049302
1400000US36081049500,Census Tract 495; Queens County; New York,97250,Census Tract 495; Queens County; New York,1299,562,737,Census Tract 495; Queens County; New York,1299,796,0,Census Tract 495; Queens County; New York,1299,744,555,36081049500
1400000US36081049600,Census Tract 496; Queens County; New York,88125,Census Tract 496; Queens County; New York,2967,1471,1496,Census Tract 496; Queens County; New York,2967,31,964,Census Tract 496; Queens County; New York,2967,2494,473,36081049600
1400000US36081049700,Census Tract 497; Queens County; New York,61563,Census Tract 497; Queens County; New York,2992,1448,1544,Census Tract 497; Queens County; New York,2992,1390,6,Census Tract 497; Queens County; New York,2992,2049,943,36081049700
1400000US36081049900,Census Tract 499; Queens County; New York,85759,Census Tract 499; Queens County; New York,5289,2653,2636,Census Tract 499; Queens County; New York,5289,1071,28,Census Tract 499; Queens County; New York,5289,4357,932,36081049900
1400000US36081050000,Census Tract 500; Queens County; New York,74951,Census Tract 500; Queens County; New York,4746,2150,2596,Census Tract 500; Queens County; New York,4746,189,3418,Census Tract 500; Queens County; New York,4746,4172,574,36081050000
1400000US36081050201,Census Tract 502.01; Queens County; New York,93182,Census Tract 502.01; Queens County; New York,1495,682,813,Census Tract 502.01; Queens County; New York,1495,0,1148,Census Tract 502.01; Queens County; New York,1495,1291,204,36081050201
1400000US36081050202,Census Tract 502.02; Queens County; New York,110357,Census Tract 502.02; Queens County; New York,1534,726,808,Census Tract 502.02; Queens County; New York,1534,42,1007,Census Tract 502.02; Queens County; New York,1534,1396,138,36081050202
1400000US36081050400,Census Tract 504; Queens County; New York,130179,Census Tract 504; Queens County; New York,1715,750,965,Census Tract 504; Queens County; New York,1715,52,1177,Census Tract 504; Queens County; New York,1715,1519,196,36081050400
1400000US36081050500,Census Tract 505; Queens County; New York,109728,Census Tract 505; Queens County; New York,1891,853,1038,Census Tract 505; Queens County; New York,1891,952,0,Census Tract 505; Queens County; New York,1891,1619,272,36081050500
1400000US36081050600,Census Tract 506; Queens County; New York,106786,Census Tract 506; Queens County; New York,1615,738,877,Census Tract 506; Queens County; New York,1615,0,1198,Census Tract 506; Queens County; New York,1615,1519,96,36081050600
1400000US36081050700,Census Tract 507; Queens County; New York,98274,Census Tract 507; Queens County; New York,3267,1521,1746,Census Tract 507; Queens County; New York,3267,1849,0,Census Tract 507; Queens County; New York,3267,2603,664,36081050700
1400000US36081050800,Census Tract 508; Queens County; New York,79432,Census Tract 508; Queens County; New York,1985,982,1003,Census Tract 508; Queens County; New York,1985,18,1616,Census Tract 508; Queens County; New York,1985,1886,99,36081050800
1400000US36081051000,Census Tract 510; Queens County; New York,91250,Census Tract 510; Queens County; New York,1568,709,859,Census Tract 510; Queens County; New York,1568,38,1144,Census Tract 510; Queens County; New York,1568,1478,90,36081051000
1400000US36081051100,Census Tract 511; Queens County; New York,110357,Census Tract 511; Queens County; New York,2542,1254,1288,Census Tract 511; Queens County; New York,2542,1834,31,Census Tract 511; Queens County; New York,2542,1864,678,36081051100
1400000US36081051200,Census Tract 512; Queens County; New York,103214,Census Tract 512; Queens County; New York,2657,1309,1348,Census Tract 512; Queens County; New York,2657,59,1830,Census Tract 512; Queens County; New York,2657,2339,318,36081051200
1400000US36081051300,Census Tract 513; Queens County; New York,104583,Census Tract 513; Queens County; New York,2831,1469,1362,Census Tract 513; Queens County; New York,2831,1192,22,Census Tract 513; Queens County; New York,2831,1892,939,36081051300
1400000US36081051500,Census Tract 515; Queens County; New York,96792,Census Tract 515; Queens County; New York,3141,1490,1651,Census Tract 515; Queens County; New York,3141,2291,0,Census Tract 515; Queens County; New York,3141,2498,643,36081051500
1400000US36081051600,Census Tract 516; Queens County; New York,122826,Census Tract 516; Queens County; New York,2281,1085,1196,Census Tract 516; Queens County; New York,2281,307,1558,Census Tract 516; Queens County; New York,2281,1823,458,36081051600
1400000US36081051700,Census Tract 517; Queens County; New York,111413,Census Tract 517; Queens County; New York,1911,857,1054,Census Tract 517; Queens County; New York,1911,1439,4,Census Tract 517; Queens County; New York,1911,1597,314,36081051700
1400000US36081051800,Census Tract 518; Queens County; New York,114583,Census Tract 518; Queens County; New York,2233,1015,1218,Census Tract 518; Queens County; New York,2233,32,1606,Census Tract 518; Queens County; New York,2233,1934,299,36081051800
1400000US36081052000,Census Tract 520; Queens County; New York,102950,Census Tract 520; Queens County; New York,1544,780,764,Census Tract 520; Queens County; New York,1544,20,1319,Census Tract 520; Queens County; New York,1544,1486,58,36081052000
1400000US36081052100,Census Tract 521; Queens County; New York,100806,Census Tract 521; Queens County; New York,1798,827,971,Census Tract 521; Queens County; New York,1798,1154,5,Census Tract 521; Queens County; New York,1798,1183,615,36081052100
1400000US36081052200,Census Tract 522; Queens County; New York,92833,Census Tract 522; Queens County; New York,2286,1094,1192,Census Tract 522; Queens County; New York,2286,0,1815,Census Tract 522; Queens County; New York,2286,2076,210,36081052200
1400000US36081052400,Census Tract 524; Queens County; New York,110357,Census Tract 524; Queens County; New York,2217,920,1297,Census Tract 524; Queens County; New York,2217,0,1756,Census Tract 524; Queens County; New York,2217,2005,212,36081052400
1400000US36081052500,Census Tract 525; Queens County; New York,72031,Census Tract 525; Queens County; New York,2301,1301,1000,Census Tract 525; Queens County; New York,2301,1285,84,Census Tract 525; Queens County; New York,2301,1343,958,36081052500
1400000US36081052600,Census Tract 526; Queens County; New York,93000,Census Tract 526; Queens County; New York,2312,1255,1057,Census Tract 526; Queens County; New York,2312,91,1654,Census Tract 526; Queens County; New York,2312,2053,259,36081052600
1400000US36081052800,Census Tract 528; Queens County; New York,81477,Census Tract 528; Queens County; New York,1720,800,920,Census Tract 528; Queens County; New York,1720,13,1267,Census Tract 528; Queens County; New York,1720,1538,182,36081052800
1400000US36081053000,Census Tract 530; Queens County; New York,110938,Census Tract 530; Queens County; New York,2535,1236,1299,Census Tract 530; Queens County; New York,2535,74,2107,Census Tract 530; Queens County; New York,2535,2265,270,36081053000
1400000US36081053100,Census Tract 531; Queens County; New York,64307,Census Tract 531; Queens County; New York,3393,1701,1692,Census Tract 531; Queens County; New York,3393,2272,3,Census Tract 531; Queens County; New York,3393,2323,1070,36081053100
1400000US36081053200,Census Tract 532; Queens County; New York,98850,Census Tract 532; Queens County; New York,2185,921,1264,Census Tract 532; Queens County; New York,2185,5,1816,Census Tract 532; Queens County; New York,2185,1840,345,36081053200
1400000US36081053401,Census Tract 534.01; Queens County; New York,104688,Census Tract 534.01; Queens County; New York,1813,870,943,Census Tract 534.01; Queens County; New York,1813,55,1582,Census Tract 534.01; Queens County; New York,1813,1618,195,36081053401
1400000US36081053501,Census Tract 535.01; Queens County; New York,63816,Census Tract 535.01; Queens County; New York,1249,662,587,Census Tract 535.01; Queens County; New York,1249,465,0,Census Tract 535.01; Queens County; New York,1249,436,813,36081053501
1400000US36081053502,Census Tract 535.02; Queens County; New York,-,Census Tract 535.02; Queens County; New York,0,0,0,Census Tract 535.02; Queens County; New York,0,0,0,Census Tract 535.02; Queens County; New York,0,0,0,36081053502
1400000US36081053601,Census Tract 536.01; Queens County; New York,-,Census Tract 536.01; Queens County; New York,1816,727,1089,Census Tract 536.01; Queens County; New York,1816,34,934,Census Tract 536.01; Queens County; New York,1816,1233,583,36081053601
1400000US36081053800,Census Tract 538; Queens County; New York,117155,Census Tract 538; Queens County; New York,1800,853,947,Census Tract 538; Queens County; New York,1800,19,1475,Census Tract 538; Queens County; New York,1800,1610,190,36081053800
1400000US36081053901,Census Tract 539.01; Queens County; New York,84183,Census Tract 539.01; Queens County; New York,4210,1990,2220,Census Tract 539.01; Queens County; New York,4210,1851,234,Census Tract 539.01; Queens County; New York,4210,2521,1689,36081053901
1400000US36081053902,Census Tract 539.02; Queens County; New York,-,Census Tract 539.02; Queens County; New York,106,42,64,Census Tract 539.02; Queens County; New York,106,102,0,Census Tract 539.02; Queens County; New York,106,102,4,36081053902
1400000US36081054000,Census Tract 540; Queens County; New York,80270,Census Tract 540; Queens County; New York,4194,2084,2110,Census Tract 540; Queens County; New York,4194,43,2449,Census Tract 540; Queens County; New York,4194,3316,878,36081054000
1400000US36081054200,Census Tract 542; Queens County; New York,90461,Census Tract 542; Queens County; New York,5441,2767,2674,Census Tract 542; Queens County; New York,5441,387,1104,Census Tract 542; Queens County; New York,5441,3653,1788,36081054200
1400000US36081054500,Census Tract 545; Queens County; New York,60368,Census Tract 545; Queens County; New York,3438,1689,1749,Census Tract 545; Queens County; New York,3438,1518,21,Census Tract 545; Queens County; New York,3438,1467,1971,36081054500
1400000US36081054700,Census Tract 547; Queens County; New York,115076,Census Tract 547; Queens County; New York,4680,2183,2497,Census Tract 547; Queens County; New York,4680,1221,331,Census Tract 547; Queens County; New York,4680,2050,2630,36081054700
1400000US36081054800,Census Tract 548; Queens County; New York,83533,Census Tract 548; Queens County; New York,2430,1127,1303,Census Tract 548; Queens County; New York,2430,81,410,Census Tract 548; Queens County; New York,2430,2119,311,36081054800
1400000US36081054900,Census Tract 549; Queens County; New York,95897,Census Tract 549; Queens County; New York,5734,2998,2736,Census Tract 549; Queens County; New York,5734,2228,167,Census Tract 549; Queens County; New York,5734,2000,3734,36081054900
1400000US36081055100,Census Tract 551; Queens County; New York,85947,Census Tract 551; Queens County; New York,4419,1954,2465,Census Tract 551; Queens County; New York,4419,2238,306,Census Tract 551; Queens County; New York,4419,2803,1616,36081055100
1400000US36081055200,Census Tract 552; Queens County; New York,61895,Census Tract 552; Queens County; New York,2790,1350,1440,Census Tract 552; Queens County; New York,2790,436,310,Census Tract 552; Queens County; New York,2790,2224,566,36081055200
1400000US36081055300,Census Tract 553; Queens County; New York,91604,Census Tract 553; Queens County; New York,3131,1578,1553,Census Tract 553; Queens County; New York,3131,954,108,Census Tract 553; Queens County; New York,3131,1200,1931,36081055300
1400000US36081055400,Census Tract 554; Queens County; New York,92679,Census Tract 554; Queens County; New York,2683,1390,1293,Census Tract 554; Queens County; New York,2683,413,272,Census Tract 554; Queens County; New York,2683,2022,661,36081055400
1400000US36081055500,Census Tract 555; Queens County; New York,108417,Census Tract 555; Queens County; New York,2426,1303,1123,Census Tract 555; Queens County; New York,2426,528,183,Census Tract 555; Queens County; New York,2426,670,1756,36081055500
1400000US36081055600,Census Tract 556; Queens County; New York,130338,Census Tract 556; Queens County; New York,2233,1222,1011,Census Tract 556; Queens County; New York,2233,107,227,Census Tract 556; Queens County; New York,2233,1448,785,36081055600
1400000US36081055700,Census Tract 557; Queens County; New York,85750,Census Tract 557; Queens County; New York,3767,1696,2071,Census Tract 557; Queens County; New York,3767,2345,224,Census Tract 557; Queens County; New York,3767,1779,1988,36081055700
1400000US36081055800,Census Tract 558; Queens County; New York,72841,Census Tract 558; Queens County; New York,1587,723,864,Census Tract 558; Queens County; New York,1587,119,109,Census Tract 558; Queens County; New York,1587,1033,554,36081055800
1400000US36081055900,Census Tract 559; Queens County; New York,80221,Census Tract 559; Queens County; New York,1106,460,646,Census Tract 559; Queens County; New York,1106,450,129,Census Tract 559; Queens County; New York,1106,428,678,36081055900
1400000US36081056000,Census Tract 560; Queens County; New York,96905,Census Tract 560; Queens County; New York,1668,792,876,Census Tract 560; Queens County; New York,1668,185,91,Census Tract 560; Queens County; New York,1668,1425,243,36081056000
1400000US36081056100,Census Tract 561; Queens County; New York,-,Census Tract 561; Queens County; New York,12,9,3,Census Tract 561; Queens County; New York,12,12,0,Census Tract 561; Queens County; New York,12,12,0,36081056100
1400000US36081056200,Census Tract 562; Queens County; New York,100441,Census Tract 562; Queens County; New York,1339,583,756,Census Tract 562; Queens County; New York,1339,341,165,Census Tract 562; Queens County; New York,1339,929,410,36081056200
1400000US36081056400,Census Tract 564; Queens County; New York,76875,Census Tract 564; Queens County; New York,1493,759,734,Census Tract 564; Queens County; New York,1493,268,121,Census Tract 564; Queens County; New York,1493,1044,449,36081056400
1400000US36081056500,Census Tract 565; Queens County; New York,129327,Census Tract 565; Queens County; New York,1883,1110,773,Census Tract 565; Queens County; New York,1883,599,90,Census Tract 565; Queens County; New York,1883,418,1465,36081056500
1400000US36081056600,Census Tract 566; Queens County; New York,74022,Census Tract 566; Queens County; New York,1513,775,738,Census Tract 566; Queens County; New York,1513,45,528,Census Tract 566; Queens County; New York,1513,1285,228,36081056600
1400000US36081056700,Census Tract 567; Queens County; New York,108750,Census Tract 567; Queens County; New York,4538,2324,2214,Census Tract 567; Queens County; New York,4538,2417,138,Census Tract 567; Queens County; New York,4538,1808,2730,36081056700
1400000US36081056800,Census Tract 568; Queens County; New York,103661,Census Tract 568; Queens County; New York,4808,2296,2512,Census Tract 568; Queens County; New York,4808,523,2751,Census Tract 568; Queens County; New York,4808,3853,955,36081056800
1400000US36081057700,Census Tract 577; Queens County; New York,78854,Census Tract 577; Queens County; New York,4162,1930,2232,Census Tract 577; Queens County; New York,4162,2235,0,Census Tract 577; Queens County; New York,4162,1984,2178,36081057700
1400000US36081057900,Census Tract 579; Queens County; New York,73125,Census Tract 579; Queens County; New York,1636,834,802,Census Tract 579; Queens County; New York,1636,929,57,Census Tract 579; Queens County; New York,1636,795,841,36081057900
1400000US36081058000,Census Tract 580; Queens County; New York,112034,Census Tract 580; Queens County; New York,4369,1917,2452,Census Tract 580; Queens County; New York,4369,96,3207,Census Tract 580; Queens County; New York,4369,4020,349,36081058000
1400000US36081058100,Census Tract 581; Queens County; New York,74556,Census Tract 581; Queens County; New York,2844,1369,1475,Census Tract 581; Queens County; New York,2844,1372,15,Census Tract 581; Queens County; New York,2844,1431,1413,36081058100
1400000US36081058200,Census Tract 582; Queens County; New York,127837,Census Tract 582; Queens County; New York,5568,2493,3075,Census Tract 582; Queens County; New York,5568,264,3688,Census Tract 582; Queens County; New York,5568,4728,840,36081058200
1400000US36081058300,Census Tract 583; Queens County; New York,101431,Census Tract 583; Queens County; New York,3656,1714,1942,Census Tract 583; Queens County; New York,3656,2219,108,Census Tract 583; Queens County; New York,3656,2743,913,36081058300
1400000US36081058500,Census Tract 585; Queens County; New York,96897,Census Tract 585; Queens County; New York,4265,2159,2106,Census Tract 585; Queens County; New York,4265,2616,171,Census Tract 585; Queens County; New York,4265,3135,1130,36081058500
1400000US36081058700,Census Tract 587; Queens County; New York,93281,Census Tract 587; Queens County; New York,3470,1713,1757,Census Tract 587; Queens County; New York,3470,2147,106,Census Tract 587; Queens County; New York,3470,2492,978,36081058700
1400000US36081058900,Census Tract 589; Queens County; New York,67801,Census Tract 589; Queens County; New York,5136,2596,2540,Census Tract 589; Queens County; New York,5136,3188,137,Census Tract 589; Queens County; New York,5136,3052,2084,36081058900
1400000US36081059000,Census Tract 590; Queens County; New York,76917,Census Tract 590; Queens County; New York,1207,629,578,Census Tract 590; Queens County; New York,1207,173,892,Census Tract 590; Queens County; New York,1207,1105,102,36081059000
1400000US36081059100,Census Tract 591; Queens County; New York,61314,Census Tract 591; Queens County; New York,4920,2717,2203,Census Tract 591; Queens County; New York,4920,2146,84,Census Tract 591; Queens County; New York,4920,2369,2551,36081059100
1400000US36081059200,Census Tract 592; Queens County; New York,91250,Census Tract 592; Queens County; New York,1343,618,725,Census Tract 592; Queens County; New York,1343,5,1212,Census Tract 592; Queens County; New York,1343,1311,32,36081059200
1400000US36081059300,Census Tract 593; Queens County; New York,82917,Census Tract 593; Queens County; New York,4062,1913,2149,Census Tract 593; Queens County; New York,4062,2648,57,Census Tract 593; Queens County; New York,4062,2775,1287,36081059300
1400000US36081059400,Census Tract 594; Queens County; New York,147250,Census Tract 594; Queens County; New York,1766,889,877,Census Tract 594; Queens County; New York,1766,31,1583,Census Tract 594; Queens County; New York,1766,1653,113,36081059400
1400000US36081059501,Census Tract 595.01; Queens County; New York,72222,Census Tract 595.01; Queens County; New York,1890,921,969,Census Tract 595.01; Queens County; New York,1890,1322,33,Census Tract 595.01; Queens County; New York,1890,1227,663,36081059501
1400000US36081059502,Census Tract 595.02; Queens County; New York,56467,Census Tract 595.02; Queens County; New York,2881,1505,1376,Census Tract 595.02; Queens County; New York,2881,1236,25,Census Tract 595.02; Queens County; New York,2881,1232,1649,36081059502
1400000US36081059600,Census Tract 596; Queens County; New York,100625,Census Tract 596; Queens County; New York,1520,645,875,Census Tract 596; Queens County; New York,1520,42,1119,Census Tract 596; Queens County; New York,1520,1172,348,36081059600
1400000US36081059800,Census Tract 598; Queens County; New York,87692,Census Tract 598; Queens County; New York,1648,573,1075,Census Tract 598; Queens County; New York,1648,50,1390,Census Tract 598; Queens County; New York,1648,1515,133,36081059800
1400000US36081059900,Census Tract 599; Queens County; New York,89583,Census Tract 599; Queens County; New York,1439,718,721,Census Tract 599; Queens County; New York,1439,823,36,Census Tract 599; Queens County; New York,1439,978,461,36081059900
1400000US36081060000,Census Tract 600; Queens County; New York,100000,Census Tract 600; Queens County; New York,1041,493,548,Census Tract 600; Queens County; New York,1041,22,864,Census Tract 600; Queens County; New York,1041,1006,35,36081060000
1400000US36081060100,Census Tract 601; Queens County; New York,83125,Census Tract 601; Queens County; New York,2405,1258,1147,Census Tract 601; Queens County; New York,2405,1887,6,Census Tract 601; Queens County; New York,2405,1597,808,36081060100
1400000US36081060300,Census Tract 603; Queens County; New York,107067,Census Tract 603; Queens County; New York,1884,867,1017,Census Tract 603; Queens County; New York,1884,1200,0,Census Tract 603; Queens County; New York,1884,1009,875,36081060300
1400000US36081060600,Census Tract 606; Queens County; New York,135147,Census Tract 606; Queens County; New York,1276,542,734,Census Tract 606; Queens County; New York,1276,0,1178,Census Tract 606; Queens County; New York,1276,1175,101,36081060600
1400000US36081060701,Census Tract 607.01; Queens County; New York,-,Census Tract 607.01; Queens County; New York,0,0,0,Census Tract 607.01; Queens County; New York,0,0,0,Census Tract 607.01; Queens County; New York,0,0,0,36081060701
1400000US36081060800,Census Tract 608; Queens County; New York,148583,Census Tract 608; Queens County; New York,1473,699,774,Census Tract 608; Queens County; New York,1473,17,1278,Census Tract 608; Queens County; New York,1473,1468,5,36081060800
1400000US36081061000,Census Tract 610; Queens County; New York,87500,Census Tract 610; Queens County; New York,1250,537,713,Census Tract 610; Queens County; New York,1250,30,1171,Census Tract 610; Queens County; New York,1250,1227,23,36081061000
1400000US36081061200,Census Tract 612; Queens County; New York,132969,Census Tract 612; Queens County; New York,1994,868,1126,Census Tract 612; Queens County; New York,1994,8,1768,Census Tract 612; Queens County; New York,1994,1979,15,36081061200
1400000US36081061301,Census Tract 613.01; Queens County; New York,83125,Census Tract 613.01; Queens County; New York,5096,2815,2281,Census Tract 613.01; Queens County; New York,5096,2059,258,Census Tract 613.01; Queens County; New York,5096,2339,2757,36081061301
1400000US36081061302,Census Tract 613.02; Queens County; New York,-,Census Tract 613.02; Queens County; New York,0,0,0,Census Tract 613.02; Queens County; New York,0,0,0,Census Tract 613.02; Queens County; New York,0,0,0,36081061302
1400000US36081061400,Census Tract 614; Queens County; New York,143468,Census Tract 614; Queens County; New York,1557,692,865,Census Tract 614; Queens County; New York,1557,31,1381,Census Tract 614; Queens County; New York,1557,1492,65,36081061400
1400000US36081061601,Census Tract 616.01; Queens County; New York,105192,Census Tract 616.01; Queens County; New York,2446,1035,1411,Census Tract 616.01; Queens County; New York,2446,34,2310,Census Tract 616.01; Queens County; New York,2446,2346,100,36081061601
1400000US36081061602,Census Tract 616.02; Queens County; New York,105682,Census Tract 616.02; Queens County; New York,1081,562,519,Census Tract 616.02; Queens County; New York,1081,73,669,Census Tract 616.02; Queens County; New York,1081,781,300,36081061602
1400000US36081061800,Census Tract 618; Queens County; New York,91638,Census Tract 618; Queens County; New York,1765,855,910,Census Tract 618; Queens County; New York,1765,153,1354,Census Tract 618; Queens County; New York,1765,1532,233,36081061800
1400000US36081061900,Census Tract 619; Queens County; New York,77794,Census Tract 619; Queens County; New York,3123,2133,990,Census Tract 619; Queens County; New York,3123,2281,47,Census Tract 619; Queens County; New York,3123,2529,594,36081061900
1400000US36081062000,Census Tract 620; Queens County; New York,118646,Census Tract 620; Queens County; New York,1456,636,820,Census Tract 620; Queens County; New York,1456,35,1318,Census Tract 620; Queens County; New York,1456,1360,96,36081062000
1400000US36081062100,Census Tract 621; Queens County; New York,91940,Census Tract 621; Queens County; New York,3178,1722,1456,Census Tract 621; Queens County; New York,3178,1917,340,Census Tract 621; Queens County; New York,3178,2154,1024,36081062100
1400000US36081062200,Census Tract 622; Queens County; New York,119632,Census Tract 622; Queens County; New York,2088,841,1247,Census Tract 622; Queens County; New York,2088,110,1826,Census Tract 622; Queens County; New York,2088,1990,98,36081062200
1400000US36081062300,Census Tract 623; Queens County; New York,79107,Census Tract 623; Queens County; New York,2273,1186,1087,Census Tract 623; Queens County; New York,2273,1647,166,Census Tract 623; Queens County; New York,2273,1700,573,36081062300
1400000US36081062400,Census Tract 624; Queens County; New York,-,Census Tract 624; Queens County; New York,0,0,0,Census Tract 624; Queens County; New York,0,0,0,Census Tract 624; Queens County; New York,0,0,0,36081062400
1400000US36081062500,Census Tract 625; Queens County; New York,75375,Census Tract 625; Queens County; New York,2545,1315,1230,Census Tract 625; Queens County; New York,2545,1547,95,Census Tract 625; Queens County; New York,2545,1576,969,36081062500
1400000US36081062600,Census Tract 626; Queens County; New York,115167,Census Tract 626; Queens County; New York,2972,1374,1598,Census Tract 626; Queens County; New York,2972,59,2436,Census Tract 626; Queens County; New York,2972,2581,391,36081062600
1400000US36081062700,Census Tract 627; Queens County; New York,76382,Census Tract 627; Queens County; New York,2915,1373,1542,Census Tract 627; Queens County; New York,2915,1960,68,Census Tract 627; Queens County; New York,2915,1633,1282,36081062700
1400000US36081062900,Census Tract 629; Queens County; New York,96908,Census Tract 629; Queens County; New York,3250,1838,1412,Census Tract 629; Queens County; New York,3250,2008,87,Census Tract 629; Queens County; New York,3250,2021,1229,36081062900
1400000US36081063000,Census Tract 630; Queens County; New York,124773,Census Tract 630; Queens County; New York,1720,777,943,Census Tract 630; Queens County; New York,1720,21,1613,Census Tract 630; Queens County; New York,1720,1651,69,36081063000
1400000US36081063200,Census Tract 632; Queens County; New York,112500,Census Tract 632; Queens County; New York,2462,1195,1267,Census Tract 632; Queens County; New York,2462,59,2228,Census Tract 632; Queens County; New York,2462,2383,79,36081063200
1400000US36081063301,Census Tract 633.01; Queens County; New York,128114,Census Tract 633.01; Queens County; New York,1607,630,977,Census Tract 633.01; Queens County; New York,1607,1199,63,Census Tract 633.01; Queens County; New York,1607,991,616,36081063301
1400000US36081063302,Census Tract 633.02; Queens County; New York,142891,Census Tract 633.02; Queens County; New York,1963,716,1247,Census Tract 633.02; Queens County; New York,1963,1325,0,Census Tract 633.02; Queens County; New York,1963,1235,728,36081063302
1400000US36081063500,Census Tract 635; Queens County; New York,89688,Census Tract 635; Queens County; New York,2637,1144,1493,Census Tract 635; Queens County; New York,2637,2167,24,Census Tract 635; Queens County; New York,2637,1860,777,36081063500
1400000US36081063700,Census Tract 637; Queens County; New York,91705,Census Tract 637; Queens County; New York,3542,1956,1586,Census Tract 637; Queens County; New York,3542,2841,36,Census Tract 637; Queens County; New York,3542,2828,714,36081063700
1400000US36081063800,Census Tract 638; Queens County; New York,140870,Census Tract 638; Queens County; New York,3404,1784,1620,Census Tract 638; Queens County; New York,3404,131,2897,Census Tract 638; Queens County; New York,3404,3150,254,36081063800
1400000US36081063900,Census Tract 639; Queens County; New York,115156,Census Tract 639; Queens County; New York,3189,1343,1846,Census Tract 639; Queens County; New York,3189,1625,390,Census Tract 639; Queens County; New York,3189,1432,1757,36081063900
1400000US36081064101,Census Tract 641.01; Queens County; New York,96094,Census Tract 641.01; Queens County; New York,2392,1181,1211,Census Tract 641.01; Queens County; New York,2392,1644,9,Census Tract 641.01; Queens County; New York,2392,2103,289,36081064101
1400000US36081064102,Census Tract 641.02; Queens County; New York,-,Census Tract 641.02; Queens County; New York,0,0,0,Census Tract 641.02; Queens County; New York,0,0,0,Census Tract 641.02; Queens County; New York,0,0,0,36081064102
1400000US36081064500,Census Tract 645; Queens County; New York,85000,Census Tract 645; Queens County; New York,1860,850,1010,Census Tract 645; Queens County; New York,1860,1029,27,Census Tract 645; Queens County; New York,1860,1362,498,36081064500
1400000US36081064600,Census Tract 646; Queens County; New York,128750,Census Tract 646; Queens County; New York,3247,1480,1767,Census Tract 646; Queens County; New York,3247,44,2941,Census Tract 646; Queens County; New York,3247,3125,122,36081064600
1400000US36081065000,Census Tract 650; Queens County; New York,136111,Census Tract 650; Queens County; New York,2807,1360,1447,Census Tract 650; Queens County; New York,2807,33,2523,Census Tract 650; Queens County; New York,2807,2660,147,36081065000
1400000US36081065401,Census Tract 654.01; Queens County; New York,98821,Census Tract 654.01; Queens County; New York,3288,1553,1735,Census Tract 654.01; Queens County; New York,3288,368,2147,Census Tract 654.01; Queens County; New York,3288,2761,527,36081065401
1400000US36081065402,Census Tract 654.02; Queens County; New York,-,Census Tract 654.02; Queens County; New York,0,0,0,Census Tract 654.02; Queens County; New York,0,0,0,Census Tract 654.02; Queens County; New York,0,0,0,36081065402
1400000US36081065501,Census Tract 655.01; Queens County; New York,-,Census Tract 655.01; Queens County; New York,0,0,0,Census Tract 655.01; Queens County; New York,0,0,0,Census Tract 655.01; Queens County; New York,0,0,0,36081065501
1400000US36081065600,Census Tract 656; Queens County; New York,110875,Census Tract 656; Queens County; New York,4585,2122,2463,Census Tract 656; Queens County; New York,4585,448,3615,Census Tract 656; Queens County; New York,4585,4271,314,36081065600
1400000US36081065702,Census Tract 657.02; Queens County; New York,61786,Census Tract 657.02; Queens County; New York,1311,553,758,Census Tract 657.02; Queens County; New York,1311,1065,8,Census Tract 657.02; Queens County; New York,1311,1120,191,36081065702
1400000US36081065703,Census Tract 657.03; Queens County; New York,115896,Census Tract 657.03; Queens County; New York,3083,1371,1712,Census Tract 657.03; Queens County; New York,3083,2275,20,Census Tract 657.03; Queens County; New York,3083,2854,229,36081065703
1400000US36081065900,Census Tract 659; Queens County; New York,99107,Census Tract 659; Queens County; New York,1915,756,1159,Census Tract 659; Queens County; New York,1915,1372,0,Census Tract 659; Queens County; New York,1915,1595,320,36081065900
1400000US36081066000,Census Tract 660; Queens County; New York,121705,Census Tract 660; Queens County; New York,3666,1523,2143,Census Tract 660; Queens County; New York,3666,221,2937,Census Tract 660; Queens County; New York,3666,3427,239,36081066000
1400000US36081066100,Census Tract 661; Queens County; New York,111806,Census Tract 661; Queens County; New York,1618,756,862,Census Tract 661; Queens County; New York,1618,1408,0,Census Tract 661; Queens County; New York,1618,1449,169,36081066100
1400000US36081066301,Census Tract 663.01; Queens County; New York,102917,Census Tract 663.01; Queens County; New York,2753,1116,1637,Census Tract 663.01; Queens County; New York,2753,1814,8,Census Tract 663.01; Queens County; New York,2753,2462,291,36081066301
1400000US36081066302,Census Tract 663.02; Queens County; New York,-,Census Tract 663.02; Queens County; New York,0,0,0,Census Tract 663.02; Queens County; New York,0,0,0,Census Tract 663.02; Queens County; New York,0,0,0,36081066302
1400000US36081066401,Census Tract 664.01; Queens County; New York,145333,Census Tract 664.01; Queens County; New York,1690,852,838,Census Tract 664.01; Queens County; New York,1690,152,1087,Census Tract 664.01; Queens County; New York,1690,1457,233,36081066401
1400000US36081066402,Census Tract 664.02; Queens County; New York,109863,Census Tract 664.02; Queens County; New York,3482,1537,1945,Census Tract 664.02; Queens County; New York,3482,280,3048,Census Tract 664.02; Queens County; New York,3482,3327,155,36081066402
1400000US36081066403,Census Tract 664.03; Queens County; New York,87031,Census Tract 664.03; Queens County; New York,5857,2878,2979,Census Tract 664.03; Queens County; New York,5857,428,4807,Census Tract 664.03; Queens County; New York,5857,5239,618,36081066403
1400000US36081066404,Census Tract 664.04; Queens County; New York,-,Census Tract 664.04; Queens County; New York,0,0,0,Census Tract 664.04; Queens County; New York,0,0,0,Census Tract 664.04; Queens County; New York,0,0,0,36081066404
1400000US36081066501,Census Tract 665.01; Queens County; New York,86773,Census Tract 665.01; Queens County; New York,4048,2100,1948,Census Tract 665.01; Queens County; New York,4048,2984,35,Census Tract 665.01; Queens County; New York,4048,2887,1161,36081066501
1400000US36081066701,Census Tract 667.01; Queens County; New York,123229,Census Tract 667.01; Queens County; New York,2747,1255,1492,Census Tract 667.01; Queens County; New York,2747,1685,13,Census Tract 667.01; Queens County; New York,2747,1939,808,36081066701
1400000US36081066900,Census Tract 669; Queens County; New York,94375,Census Tract 669; Queens County; New York,1773,833,940,Census Tract 669; Queens County; New York,1773,1214,0,Census Tract 669; Queens County; New York,1773,1249,524,36081066900
1400000US36081067100,Census Tract 671; Queens County; New York,116076,Census Tract 671; Queens County; New York,2354,1127,1227,Census Tract 671; Queens County; New York,2354,1627,0,Census Tract 671; Queens County; New York,2354,1984,370,36081067100
1400000US36081067700,Census Tract 677; Queens County; New York,108000,Census Tract 677; Queens County; New York,1912,947,965,Census Tract 677; Queens County; New York,1912,1461,6,Census Tract 677; Queens County; New York,1912,1585,327,36081067700
1400000US36081067900,Census Tract 679; Queens County; New York,72875,Census Tract 679; Queens County; New York,4199,2168,2031,Census Tract 679; Queens County; New York,4199,1862,170,Census Tract 679; Queens County; New York,4199,2222,1977,36081067900
1400000US36081068000,Census Tract 680; Queens County; New York,124789,Census Tract 680; Queens County; New York,5489,2247,3242,Census Tract 680; Queens County; New York,5489,49,4751,Census Tract 680; Queens County; New York,5489,4807,682,36081068000
1400000US36081068200,Census Tract 682; Queens County; New York,93750,Census Tract 682; Queens County; New York,1104,447,657,Census Tract 682; Queens County; New York,1104,10,921,Census Tract 682; Queens County; New York,1104,1022,82,36081068200
1400000US36081068300,Census Tract 683; Queens County; New York,73466,Census Tract 683; Queens County; New York,3932,1831,2101,Census Tract 683; Queens County; New York,3932,581,219,Census Tract 683; Queens County; New York,3932,2655,1277,36081068300
1400000US36081068700,Census Tract 687; Queens County; New York,69348,Census Tract 687; Queens County; New York,4202,1781,2421,Census Tract 687; Queens County; New York,4202,1285,48,Census Tract 687; Queens County; New York,4202,3030,1172,36081068700
1400000US36081069000,Census Tract 690; Queens County; New York,131683,Census Tract 690; Queens County; New York,4022,1730,2292,Census Tract 690; Queens County; New York,4022,87,3406,Census Tract 690; Queens County; New York,4022,3782,240,36081069000
1400000US36081069300,Census Tract 693; Queens County; New York,58605,Census Tract 693; Queens County; New York,3005,1300,1705,Census Tract 693; Queens County; New York,3005,784,26,Census Tract 693; Queens County; New York,3005,1580,1425,36081069300
1400000US36081069400,Census Tract 694; Queens County; New York,101782,Census Tract 694; Queens County; New York,4046,1634,2412,Census Tract 694; Queens County; New York,4046,198,3447,Census Tract 694; Queens County; New York,4046,3722,324,36081069400
1400000US36081069500,Census Tract 695; Queens County; New York,112949,Census Tract 695; Queens County; New York,2349,1007,1342,Census Tract 695; Queens County; New York,2349,894,89,Census Tract 695; Queens County; New York,2349,2027,322,36081069500
1400000US36081069701,Census Tract 697.01; Queens County; New York,102700,Census Tract 697.01; Queens County; New York,4320,1991,2329,Census Tract 697.01; Queens County; New York,4320,1697,119,Census Tract 697.01; Queens County; New York,4320,3267,1053,36081069701
1400000US36081069702,Census Tract 697.02; Queens County; New York,89065,Census Tract 697.02; Queens County; New York,4285,2291,1994,Census Tract 697.02; Queens County; New York,4285,1967,165,Census Tract 697.02; Queens County; New York,4285,3618,667,36081069702
1400000US36081070300,Census Tract 703; Queens County; New York,102833,Census Tract 703; Queens County; New York,2253,981,1272,Census Tract 703; Queens County; New York,2253,826,6,Census Tract 703; Queens County; New York,2253,1757,496,36081070300
1400000US36081070700,Census Tract 707; Queens County; New York,127188,Census Tract 707; Queens County; New York,2584,1305,1279,Census Tract 707; Queens County; New York,2584,1378,6,Census Tract 707; Queens County; New York,2584,2351,233,36081070700
1400000US36081070900,Census Tract 709; Queens County; New York,115000,Census Tract 709; Queens County; New York,2952,1396,1556,Census Tract 709; Queens County; New York,2952,1397,35,Census Tract 709; Queens County; New York,2952,2620,332,36081070900
1400000US36081071100,Census Tract 711; Queens County; New York,100625,Census Tract 711; Queens County; New York,5616,2665,2951,Census Tract 711; Queens County; New York,5616,2759,139,Census Tract 711; Queens County; New York,5616,4856,760,36081071100
1400000US36081071303,Census Tract 713.03; Queens County; New York,96641,Census Tract 713.03; Queens County; New York,5323,2629,2694,Census Tract 713.03; Queens County; New York,5323,3069,143,Census Tract 713.03; Queens County; New York,5323,4241,1082,36081071303
1400000US36081071304,Census Tract 713.04; Queens County; New York,89959,Census Tract 713.04; Queens County; New York,6115,2676,3439,Census Tract 713.04; Queens County; New York,6115,3785,70,Census Tract 713.04; Queens County; New York,6115,5278,837,36081071304
1400000US36081071305,Census Tract 713.05; Queens County; New York,114158,Census Tract 713.05; Queens County; New York,5777,2744,3033,Census Tract 713.05; Queens County; New York,5777,3396,111,Census Tract 713.05; Queens County; New York,5777,4154,1623,36081071305
1400000US36081071306,Census Tract 713.06; Queens County; New York,75560,Census Tract 713.06; Queens County; New York,7012,3398,3614,Census Tract 713.06; Queens County; New York,7012,2904,1050,Census Tract 713.06; Queens County; New York,7012,5613,1399,36081071306
1400000US36081071600,Census Tract 716; Queens County; New York,-,Census Tract 716; Queens County; New York,0,0,0,Census Tract 716; Queens County; New York,0,0,0,Census Tract 716; Queens County; New York,0,0,0,36081071600
1400000US36081071701,Census Tract 717.01; Queens County; New York,57300,Census Tract 717.01; Queens County; New York,4786,2316,2470,Census Tract 717.01; Queens County; New York,4786,2856,126,Census Tract 717.01; Queens County; New York,4786,4170,616,36081071701
1400000US36081071702,Census Tract 717.02; Queens County; New York,99527,Census Tract 717.02; Queens County; New York,4300,2207,2093,Census Tract 717.02; Queens County; New York,4300,1523,259,Census Tract 717.02; Queens County; New York,4300,3886,414,36081071702
1400000US36081071900,Census Tract 719; Queens County; New York,58606,Census Tract 719; Queens County; New York,3444,1885,1559,Census Tract 719; Queens County; New York,3444,1433,31,Census Tract 719; Queens County; New York,3444,2450,994,36081071900
1400000US36081072100,Census Tract 721; Queens County; New York,100167,Census Tract 721; Queens County; New York,5358,2443,2915,Census Tract 721; Queens County; New York,5358,2336,44,Census Tract 721; Queens County; New York,5358,4689,669,36081072100
1400000US36081072300,Census Tract 723; Queens County; New York,221534,Census Tract 723; Queens County; New York,2338,1138,1200,Census Tract 723; Queens County; New York,2338,1230,139,Census Tract 723; Queens County; New York,2338,2064,274,36081072300
1400000US36081072900,Census Tract 729; Queens County; New York,124250,Census Tract 729; Queens County; New York,1298,679,619,Census Tract 729; Queens County; New York,1298,628,1,Census Tract 729; Queens County; New York,1298,1202,96,36081072900
1400000US36081073100,Census Tract 731; Queens County; New York,166481,Census Tract 731; Queens County; New York,1832,886,946,Census Tract 731; Queens County; New York,1832,1137,0,Census Tract 731; Queens County; New York,1832,1646,186,36081073100
1400000US36081073700,Census Tract 737; Queens County; New York,124545,Census Tract 737; Queens County; New York,1952,881,1071,Census Tract 737; Queens County; New York,1952,1184,31,Census Tract 737; Queens County; New York,1952,1768,184,36081073700
1400000US36081073900,Census Tract 739; Queens County; New York,113609,Census Tract 739; Queens County; New York,5288,2364,2924,Census Tract 739; Queens County; New York,5288,2875,48,Census Tract 739; Queens County; New York,5288,4775,513,36081073900
1400000US36081074100,Census Tract 741; Queens County; New York,92857,Census Tract 741; Queens County; New York,3098,1529,1569,Census Tract 741; Queens County; New York,3098,1387,278,Census Tract 741; Queens County; New York,3098,2322,776,36081074100
1400000US36081074300,Census Tract 743; Queens County; New York,72344,Census Tract 743; Queens County; New York,3762,1992,1770,Census Tract 743; Queens County; New York,3762,2002,150,Census Tract 743; Queens County; New York,3762,3379,383,36081074300
1400000US36081074500,Census Tract 745; Queens County; New York,65885,Census Tract 745; Queens County; New York,4076,2188,1888,Census Tract 745; Queens County; New York,4076,1555,535,Census Tract 745; Queens County; New York,4076,3131,945,36081074500
1400000US36081074700,Census Tract 747; Queens County; New York,88924,Census Tract 747; Queens County; New York,3425,1747,1678,Census Tract 747; Queens County; New York,3425,682,85,Census Tract 747; Queens County; New York,3425,2431,994,36081074700
1400000US36081074900,Census Tract 749; Queens County; New York,227054,Census Tract 749; Queens County; New York,1516,714,802,Census Tract 749; Queens County; New York,1516,735,17,Census Tract 749; Queens County; New York,1516,1416,100,36081074900
1400000US36081075701,Census Tract 757.01; Queens County; New York,111042,Census Tract 757.01; Queens County; New York,4819,1931,2888,Census Tract 757.01; Queens County; New York,4819,2382,257,Census Tract 757.01; Queens County; New York,4819,4138,681,36081075701
1400000US36081075702,Census Tract 757.02; Queens County; New York,124360,Census Tract 757.02; Queens County; New York,5447,2799,2648,Census Tract 757.02; Queens County; New York,5447,2865,177,Census Tract 757.02; Queens County; New York,5447,4772,675,36081075702
1400000US36081076901,Census Tract 769.01; Queens County; New York,100710,Census Tract 769.01; Queens County; New York,5151,2324,2827,Census Tract 769.01; Queens County; New York,5151,3050,144,Census Tract 769.01; Queens County; New York,5151,3984,1167,36081076901
1400000US36081076902,Census Tract 769.02; Queens County; New York,133438,Census Tract 769.02; Queens County; New York,1588,707,881,Census Tract 769.02; Queens County; New York,1588,475,10,Census Tract 769.02; Queens County; New York,1588,1332,256,36081076902
1400000US36081077300,Census Tract 773; Queens County; New York,105326,Census Tract 773; Queens County; New York,2246,1163,1083,Census Tract 773; Queens County; New York,2246,1273,85,Census Tract 773; Queens County; New York,2246,1807,439,36081077300
1400000US36081077500,Census Tract 775; Queens County; New York,81058,Census Tract 775; Queens County; New York,2031,971,1060,Census Tract 775; Queens County; New York,2031,1228,73,Census Tract 775; Queens County; New York,2031,1612,419,36081077500
1400000US36081077902,Census Tract 779.02; Queens County; New York,106588,Census Tract 779.02; Queens County; New York,5863,2550,3313,Census Tract 779.02; Queens County; New York,5863,4360,277,Census Tract 779.02; Queens County; New York,5863,5119,744,36081077902
1400000US36081077903,Census Tract 779.03; Queens County; New York,90781,Census Tract 779.03; Queens County; New York,3445,1436,2009,Census Tract 779.03; Queens County; New York,3445,1455,83,Census Tract 779.03; Queens County; New York,3445,2772,673,36081077903
1400000US36081077904,Census Tract 779.04; Queens County; New York,108542,Census Tract 779.04; Queens County; New York,5426,2544,2882,Census Tract 779.04; Queens County; New York,5426,2498,60,Census Tract 779.04; Queens County; New York,5426,4418,1008,36081077904
1400000US36081077905,Census Tract 779.05; Queens County; New York,87375,Census Tract 779.05; Queens County; New York,3045,1449,1596,Census Tract 779.05; Queens County; New York,3045,937,612,Census Tract 779.05; Queens County; New York,3045,2453,592,36081077905
1400000US36081077906,Census Tract 779.06; Queens County; New York,85590,Census Tract 779.06; Queens County; New York,3584,1713,1871,Census Tract 779.06; Queens County; New York,3584,1928,201,Census Tract 779.06; Queens County; New York,3584,3226,358,36081077906
1400000US36081077907,Census Tract 779.07; Queens County; New York,69718,Census Tract 779.07; Queens County; New York,3437,1808,1629,Census Tract 779.07; Queens County; New York,3437,1975,475,Census Tract 779.07; Queens County; New York,3437,2605,832,36081077907
1400000US36081077908,Census Tract 779.08; Queens County; New York,74705,Census Tract 779.08; Queens County; New York,3382,1864,1518,Census Tract 779.08; Queens County; New York,3382,741,1349,Census Tract 779.08; Queens County; New York,3382,2363,1019,36081077908
1400000US36081078800,Census Tract 788; Queens County; New York,98468,Census Tract 788; Queens County; New York,2082,1012,1070,Census Tract 788; Queens County; New York,2082,7,1125,Census Tract 788; Queens County; New York,2082,1833,249,36081078800
1400000US36081079000,Census Tract 790; Queens County; New York,74135,Census Tract 790; Queens County; New York,2653,1160,1493,Census Tract 790; Queens County; New York,2653,37,1499,Census Tract 790; Queens County; New York,2653,2407,246,36081079000
1400000US36081079200,Census Tract 792; Queens County; New York,73676,Census Tract 792; Queens County; New York,2869,1124,1745,Census Tract 792; Queens County; New York,2869,13,1653,Census Tract 792; Queens County; New York,2869,2354,515,36081079200
1400000US36081079300,Census Tract 793; Queens County; New York,-,Census Tract 793; Queens County; New York,0,0,0,Census Tract 793; Queens County; New York,0,0,0,Census Tract 793; Queens County; New York,0,0,0,36081079300
1400000US36081079701,Census Tract 797.01; Queens County; New York,55800,Census Tract 797.01; Queens County; New York,6306,2995,3311,Census Tract 797.01; Queens County; New York,6306,234,175,Census Tract 797.01; Queens County; New York,6306,6011,295,36081079701
1400000US36081079702,Census Tract 797.02; Queens County; New York,40786,Census Tract 797.02; Queens County; New York,3313,1739,1574,Census Tract 797.02; Queens County; New York,3313,107,24,Census Tract 797.02; Queens County; New York,3313,3195,118,36081079702
1400000US36081079900,Census Tract 799; Queens County; New York,53981,Census Tract 799; Queens County; New York,3003,1607,1396,Census Tract 799; Queens County; New York,3003,390,2,Census Tract 799; Queens County; New York,3003,2650,353,36081079900
1400000US36081080301,Census Tract 803.01; Queens County; New York,67600,Census Tract 803.01; Queens County; New York,4216,1943,2273,Census Tract 803.01; Queens County; New York,4216,317,63,Census Tract 803.01; Queens County; New York,4216,3262,954,36081080301
1400000US36081080302,Census Tract 803.02; Queens County; New York,92887,Census Tract 803.02; Queens County; New York,3657,1837,1820,Census Tract 803.02; Queens County; New York,3657,1195,3,Census Tract 803.02; Queens County; New York,3657,3308,349,36081080302
1400000US36081080900,Census Tract 809; Queens County; New York,61345,Census Tract 809; Queens County; New York,7291,3206,4085,Census Tract 809; Queens County; New York,7291,3265,340,Census Tract 809; Queens County; New York,7291,5968,1323,36081080900
1400000US36081081400,Census Tract 814; Queens County; New York,141705,Census Tract 814; Queens County; New York,4545,2544,2001,Census Tract 814; Queens County; New York,4545,264,1578,Census Tract 814; Queens County; New York,4545,3538,1007,36081081400
1400000US36081081800,Census Tract 818; Queens County; New York,127697,Census Tract 818; Queens County; New York,3788,2053,1735,Census Tract 818; Queens County; New York,3788,156,1187,Census Tract 818; Queens County; New York,3788,3206,582,36081081800
1400000US36081083700,Census Tract 837; Queens County; New York,63732,Census Tract 837; Queens County; New York,4770,2491,2279,Census Tract 837; Queens County; New York,4770,720,31,Census Tract 837; Queens County; New York,4770,4428,342,36081083700
1400000US36081083800,Census Tract 838; Queens County; New York,96551,Census Tract 838; Queens County; New York,5524,2906,2618,Census Tract 838; Queens County; New York,5524,457,925,Census Tract 838; Queens County; New York,5524,4388,1136,36081083800
1400000US36081084000,Census Tract 840; Queens County; New York,99424,Census Tract 840; Queens County; New York,6927,3653,3274,Census Tract 840; Queens County; New York,6927,799,929,Census Tract 840; Queens County; New York,6927,5275,1652,36081084000
1400000US36081084500,Census Tract 845; Queens County; New York,29589,Census Tract 845; Queens County; New York,4713,2377,2336,Census Tract 845; Queens County; New York,4713,457,408,Census Tract 845; Queens County; New York,4713,3301,1412,36081084500
1400000US36081084601,Census Tract 846.01; Queens County; New York,104659,Census Tract 846.01; Queens County; New York,2711,1415,1296,Census Tract 846.01; Queens County; New York,2711,453,184,Census Tract 846.01; Queens County; New York,2711,1808,903,36081084601
1400000US36081084602,Census Tract 846.02; Queens County; New York,83000,Census Tract 846.02; Queens County; New York,1378,626,752,Census Tract 846.02; Queens County; New York,1378,255,284,Census Tract 846.02; Queens County; New York,1378,680,698,36081084602
1400000US36081084901,Census Tract 849.01; Queens County; New York,67219,Census Tract 849.01; Queens County; New York,3037,1649,1388,Census Tract 849.01; Queens County; New York,3037,40,0,Census Tract 849.01; Queens County; New York,3037,2751,286,36081084901
1400000US36081084902,Census Tract 849.02; Queens County; New York,45658,Census Tract 849.02; Queens County; New York,3807,1706,2101,Census Tract 849.02; Queens County; New York,3807,382,101,Census Tract 849.02; Queens County; New York,3807,3313,494,36081084902
1400000US36081085300,Census Tract 853; Queens County; New York,33756,Census Tract 853; Queens County; New York,4969,2503,2466,Census Tract 853; Queens County; New York,4969,235,85,Census Tract 853; Queens County; New York,4969,4165,804,36081085300
1400000US36081085500,Census Tract 855; Queens County; New York,40199,Census Tract 855; Queens County; New York,6143,2203,3940,Census Tract 855; Queens County; New York,6143,509,144,Census Tract 855; Queens County; New York,6143,5249,894,36081085500
1400000US36081085700,Census Tract 857; Queens County; New York,57813,Census Tract 857; Queens County; New York,5502,2239,3263,Census Tract 857; Queens County; New York,5502,514,121,Census Tract 857; Queens County; New York,5502,4464,1038,36081085700
1400000US36081085900,Census Tract 859; Queens County; New York,57706,Census Tract 859; Queens County; New York,5718,2430,3288,Census Tract 859; Queens County; New York,5718,567,6,Census Tract 859; Queens County; New York,5718,5016,702,36081085900
1400000US36081086100,Census Tract 861; Queens County; New York,43750,Census Tract 861; Queens County; New York,2071,1091,980,Census Tract 861; Queens County; New York,2071,168,79,Census Tract 861; Queens County; New York,2071,1782,289,36081086100
1400000US36081086300,Census Tract 863; Queens County; New York,56774,Census Tract 863; Queens County; New York,6859,3299,3560,Census Tract 863; Queens County; New York,6859,484,271,Census Tract 863; Queens County; New York,6859,5427,1432,36081086300
1400000US36081086400,Census Tract 864; Queens County; New York,124141,Census Tract 864; Queens County; New York,2560,1256,1304,Census Tract 864; Queens County; New York,2560,608,148,Census Tract 864; Queens County; New York,2560,1355,1205,36081086400
1400000US36081086500,Census Tract 865; Queens County; New York,62688,Census Tract 865; Queens County; New York,4480,1883,2597,Census Tract 865; Queens County; New York,4480,538,78,Census Tract 865; Queens County; New York,4480,4054,426,36081086500
1400000US36081086900,Census Tract 869; Queens County; New York,86165,Census Tract 869; Queens County; New York,1832,976,856,Census Tract 869; Queens County; New York,1832,228,25,Census Tract 869; Queens County; New York,1832,1604,228,36081086900
1400000US36081087100,Census Tract 871; Queens County; New York,47662,Census Tract 871; Queens County; New York,4889,2530,2359,Census Tract 871; Queens County; New York,4889,215,450,Census Tract 871; Queens County; New York,4889,4297,592,36081087100
1400000US36081088400,Census Tract 884; Queens County; New York,98921,Census Tract 884; Queens County; New York,9190,4563,4627,Census Tract 884; Queens County; New York,9190,6474,593,Census Tract 884; Queens County; New York,9190,7189,2001,36081088400
1400000US36081088902,Census Tract 889.02; Queens County; New York,47661,Census Tract 889.02; Queens County; New York,6117,3135,2982,Census Tract 889.02; Queens County; New York,6117,1247,294,Census Tract 889.02; Queens County; New York,6117,4823,1294,36081088902
1400000US36081088903,Census Tract 889.03; Queens County; New York,57807,Census Tract 889.03; Queens County; New York,4659,2313,2346,Census Tract 889.03; Queens County; New York,4659,652,60,Census Tract 889.03; Queens County; New York,4659,4424,235,36081088903
1400000US36081089201,Census Tract 892.01; Queens County; New York,165529,Census Tract 892.01; Queens County; New York,8936,4529,4407,Census Tract 892.01; Queens County; New York,8936,8133,0,Census Tract 892.01; Queens County; New York,8936,8176,760,36081089201
1400000US36081089202,Census Tract 892.02; Queens County; New York,-,Census Tract 892.02; Queens County; New York,0,0,0,Census Tract 892.02; Queens County; New York,0,0,0,Census Tract 892.02; Queens County; New York,0,0,0,36081089202
1400000US36081090700,Census Tract 907; Queens County; New York,107917,Census Tract 907; Queens County; New York,1545,818,727,Census Tract 907; Queens County; New York,1545,326,6,Census Tract 907; Queens County; New York,1545,1220,325,36081090700
1400000US36081091602,Census Tract 916.02; Queens County; New York,-,Census Tract 916.02; Queens County; New York,0,0,0,Census Tract 916.02; Queens County; New York,0,0,0,Census Tract 916.02; Queens County; New York,0,0,0,36081091602
1400000US36081091603,Census Tract 916.03; Queens County; New York,134844,Census Tract 916.03; Queens County; New York,4123,1933,2190,Census Tract 916.03; Queens County; New York,4123,4050,0,Census Tract 916.03; Queens County; New York,4123,4083,40,36081091603
1400000US36081091604,Census Tract 916.04; Queens County; New York,-,Census Tract 916.04; Queens County; New York,0,0,0,Census Tract 916.04; Queens County; New York,0,0,0,Census Tract 916.04; Queens County; New York,0,0,0,36081091604
1400000US36081091800,Census Tract 918; Queens County; New York,-,Census Tract 918; Queens County; New York,8,4,4,Census Tract 918; Queens County; New York,8,8,0,Census Tract 918; Queens County; New York,8,8,0,36081091800
1400000US36081091900,Census Tract 919; Queens County; New York,104375,Census Tract 919; Queens County; New York,5180,2703,2477,Census Tract 919; Queens County; New York,5180,1099,290,Census Tract 919; Queens County; New York,5180,3436,1744,36081091900
1400000US36081092200,Census Tract 922; Queens County; New York,160357,Census Tract 922; Queens County; New York,2098,885,1213,Census Tract 922; Queens County; New York,2098,1880,0,Census Tract 922; Queens County; New York,2098,1948,150,36081092200
1400000US36081092500,Census Tract 925; Queens County; New York,69250,Census Tract 925; Queens County; New York,3957,2083,1874,Census Tract 925; Queens County; New York,3957,682,9,Census Tract 925; Queens County; New York,3957,2261,1696,36081092500
1400000US36081092800,Census Tract 928; Queens County; New York,159600,Census Tract 928; Queens County; New York,3440,1782,1658,Census Tract 928; Queens County; New York,3440,3288,11,Census Tract 928; Queens County; New York,3440,3336,104,36081092800
1400000US36081092900,Census Tract 929; Queens County; New York,105682,Census Tract 929; Queens County; New York,7078,3424,3654,Census Tract 929; Queens County; New York,7078,1560,27,Census Tract 929; Queens County; New York,7078,3793,3285,36081092900
1400000US36081093401,Census Tract 934.01; Queens County; New York,117143,Census Tract 934.01; Queens County; New York,4172,1985,2187,Census Tract 934.01; Queens County; New York,4172,3718,74,Census Tract 934.01; Queens County; New York,4172,3577,595,36081093401
1400000US36081093402,Census Tract 934.02; Queens County; New York,102324,Census Tract 934.02; Queens County; New York,4094,2084,2010,Census Tract 934.02; Queens County; New York,4094,3390,240,Census Tract 934.02; Queens County; New York,4094,3359,735,36081093402
1400000US36081093800,Census Tract 938; Queens County; New York,77802,Census Tract 938; Queens County; New York,5081,2593,2488,Census Tract 938; Queens County; New York,5081,3465,342,Census Tract 938; Queens County; New York,5081,3752,1329,36081093800
1400000US36081093900,Census Tract 939; Queens County; New York,94050,Census Tract 939; Queens County; New York,6366,3142,3224,Census Tract 939; Queens County; New York,6366,1590,113,Census Tract 939; Queens County; New York,6366,3803,2563,36081093900
1400000US36081094201,Census Tract 942.01; Queens County; New York,67727,Census Tract 942.01; Queens County; New York,3536,1376,2160,Census Tract 942.01; Queens County; New York,3536,1152,1428,Census Tract 942.01; Queens County; New York,3536,2788,748,36081094201
1400000US36081094202,Census Tract 942.02; Queens County; New York,55694,Census Tract 942.02; Queens County; New York,5750,2605,3145,Census Tract 942.02; Queens County; New York,5750,1631,2419,Census Tract 942.02; Queens County; New York,5750,4174,1576,36081094202
1400000US36081094203,Census Tract 942.03; Queens County; New York,56784,Census Tract 942.03; Queens County; New York,5740,2163,3577,Census Tract 942.03; Queens County; New York,5740,3531,856,Census Tract 942.03; Queens County; New York,5740,4268,1472,36081094203
1400000US36081094500,Census Tract 945; Queens County; New York,79700,Census Tract 945; Queens County; New York,4032,1874,2158,Census Tract 945; Queens County; New York,4032,1923,3,Census Tract 945; Queens County; New York,4032,3071,961,36081094500
1400000US36081094700,Census Tract 947; Queens County; New York,84125,Census Tract 947; Queens County; New York,2722,1520,1202,Census Tract 947; Queens County; New York,2722,503,15,Census Tract 947; Queens County; New York,2722,1257,1465,36081094700
1400000US36081095400,Census Tract 954; Queens County; New York,70795,Census Tract 954; Queens County; New York,6676,3263,3413,Census Tract 954; Queens County; New York,6676,1192,3489,Census Tract 954; Queens County; New York,6676,4813,1863,36081095400
1400000US36081096400,Census Tract 964; Queens County; New York,106425,Census Tract 964; Queens County; New York,7271,3707,3564,Census Tract 964; Queens County; New York,7271,1010,3819,Census Tract 964; Queens County; New York,7271,5703,1568,36081096400
1400000US36081097202,Census Tract 972.02; Queens County; New York,22941,Census Tract 972.02; Queens County; New York,3442,1543,1899,Census Tract 972.02; Queens County; New York,3442,47,2999,Census Tract 972.02; Queens County; New York,3442,3052,390,36081097202
1400000US36081097204,Census Tract 972.04; Queens County; New York,73250,Census Tract 972.04; Queens County; New York,4273,1904,2369,Census Tract 972.04; Queens County; New York,4273,315,2857,Census Tract 972.04; Queens County; New York,4273,3120,1153,36081097204
1400000US36081097205,Census Tract 972.05; Queens County; New York,20744,Census Tract 972.05; Queens County; New York,3249,1369,1880,Census Tract 972.05; Queens County; New York,3249,653,1895,Census Tract 972.05; Queens County; New York,3249,2245,1004,36081097205
1400000US36081097206,Census Tract 972.06; Queens County; New York,48980,Census Tract 972.06; Queens County; New York,2522,989,1533,Census Tract 972.06; Queens County; New York,2522,74,1474,Census Tract 972.06; Queens County; New York,2522,1929,593,36081097206
1400000US36081097207,Census Tract 972.07; Queens County; New York,-,Census Tract 972.07; Queens County; New York,0,0,0,Census Tract 972.07; Queens County; New York,0,0,0,Census Tract 972.07; Queens County; New York,0,0,0,36081097207
1400000US36081097300,Census Tract 973; Queens County; New York,88889,Census Tract 973; Queens County; New York,2156,980,1176,Census Tract 973; Queens County; New York,2156,1807,21,Census Tract 973; Queens County; New York,2156,1891,265,36081097300
1400000US36081098100,Census Tract 981; Queens County; New York,124519,Census Tract 981; Queens County; New York,2456,1190,1266,Census Tract 981; Queens County; New York,2456,1721,0,Census Tract 981; Queens County; New York,2456,2120,336,36081098100
1400000US36081098700,Census Tract 987; Queens County; New York,102639,Census Tract 987; Queens County; New York,2593,1365,1228,Census Tract 987; Queens County; New York,2593,2125,47,Census Tract 987; Queens County; New York,2593,2380,213,36081098700
1400000US36081099100,Census Tract 991; Queens County; New York,108224,Census Tract 991; Queens County; New York,6777,2760,4017,Census Tract 991; Queens County; New York,6777,4457,0,Census Tract 991; Queens County; New York,6777,5322,1455,36081099100
1400000US36081099200,Census Tract 992; Queens County; New York,35529,Census Tract 992; Queens County; New York,4100,1900,2200,Census Tract 992; Queens County; New York,4100,899,1894,Census Tract 992; Queens County; New York,4100,2746,1354,36081099200
1400000US36081099701,Census Tract 997.01; Queens County; New York,95063,Census Tract 997.01; Queens County; New York,2610,1213,1397,Census Tract 997.01; Queens County; New York,2610,1614,0,Census Tract 997.01; Queens County; New York,2610,2460,150,36081099701
1400000US36081099703,Census Tract 997.03; Queens County; New York,116319,Census Tract 997.03; Queens County; New York,3809,1765,2044,Census Tract 997.03; Queens County; New York,3809,1949,106,Census Tract 997.03; Queens County; New York,3809,3230,579,36081099703
1400000US36081099704,Census Tract 997.04; Queens County; New York,95653,Census Tract 997.04; Queens County; New York,7288,3243,4045,Census Tract 997.04; Queens County; New York,7288,4542,134,Census Tract 997.04; Queens County; New York,7288,6299,989,36081099704
1400000US36081099705,Census Tract 997.05; Queens County; New York,147807,Census Tract 997.05; Queens County; New York,2671,1378,1293,Census Tract 997.05; Queens County; New York,2671,1061,38,Census Tract 997.05; Queens County; New York,2671,2144,527,36081099705
1400000US36081099801,Census Tract 998.01; Queens County; New York,68297,Census Tract 998.01; Queens County; New York,8962,3894,5068,Census Tract 998.01; Queens County; New York,8962,750,4715,Census Tract 998.01; Queens County; New York,8962,6314,2648,36081099801
1400000US36081099802,Census Tract 998.02; Queens County; New York,45210,Census Tract 998.02; Queens County; New York,5492,2307,3185,Census Tract 998.02; Queens County; New York,5492,864,3401,Census Tract 998.02; Queens County; New York,5492,4237,1255,36081099802
1400000US36081099900,Census Tract 999; Queens County; New York,-,Census Tract 999; Queens County; New York,0,0,0,Census Tract 999; Queens County; New York,0,0,0,Census Tract 999; Queens County; New York,0,0,0,36081099900
1400000US36081100801,Census Tract 1008.01; Queens County; New York,142717,Census Tract 1008.01; Queens County; New York,3122,1630,1492,Census Tract 1008.01; Queens County; New York,3122,978,1182,Census Tract 1008.01; Queens County; New York,3122,2553,569,36081100801
1400000US36081100803,Census Tract 1008.03; Queens County; New York,48320,Census Tract 1008.03; Queens County; New York,4341,1919,2422,Census Tract 1008.03; Queens County; New York,4341,229,1894,Census Tract 1008.03; Queens County; New York,4341,2640,1701,36081100803
1400000US36081100804,Census Tract 1008.04; Queens County; New York,99318,Census Tract 1008.04; Queens County; New York,5226,2687,2539,Census Tract 1008.04; Queens County; New York,5226,1734,2962,Census Tract 1008.04; Queens County; New York,5226,4872,354,36081100804
1400000US36081101002,Census Tract 1010.02; Queens County; New York,52716,Census Tract 1010.02; Queens County; New York,6069,3420,2649,Census Tract 1010.02; Queens County; New York,6069,4682,422,Census Tract 1010.02; Queens County; New York,6069,5707,362,36081101002
1400000US36081101003,Census Tract 1010.03; Queens County; New York,70299,Census Tract 1010.03; Queens County; New York,3885,1959,1926,Census Tract 1010.03; Queens County; New York,3885,1842,669,Census Tract 1010.03; Queens County; New York,3885,2683,1202,36081101003
1400000US36081101004,Census Tract 1010.04; Queens County; New York,42361,Census Tract 1010.04; Queens County; New York,6462,3429,3033,Census Tract 1010.04; Queens County; New York,6462,2486,2923,Census Tract 1010.04; Queens County; New York,6462,5357,1105,36081101004
1400000US36081101700,Census Tract 1017; Queens County; New York,109963,Census Tract 1017; Queens County; New York,7027,3069,3958,Census Tract 1017; Queens County; New York,7027,3945,4,Census Tract 1017; Queens County; New York,7027,6114,913,36081101700
1400000US36081102900,Census Tract 1029; Queens County; New York,100161,Census Tract 1029; Queens County; New York,3472,1793,1679,Census Tract 1029; Queens County; New York,3472,2044,39,Census Tract 1029; Queens County; New York,3472,3007,465,36081102900
1400000US36081103201,Census Tract 1032.01; Queens County; New York,53469,Census Tract 1032.01; Queens County; New York,7068,3215,3853,Census Tract 1032.01; Queens County; New York,7068,587,3082,Census Tract 1032.01; Queens County; New York,7068,4095,2973,36081103201
1400000US36081103202,Census Tract 1032.02; Queens County; New York,81060,Census Tract 1032.02; Queens County; New York,8045,3767,4278,Census Tract 1032.02; Queens County; New York,8045,3845,2135,Census Tract 1032.02; Queens County; New York,8045,5407,2638,36081103202
1400000US36081103300,Census Tract 1033; Queens County; New York,101816,Census Tract 1033; Queens County; New York,4561,2261,2300,Census Tract 1033; Queens County; New York,4561,2465,54,Census Tract 1033; Queens County; New York,4561,4261,300,36081103300
1400000US36081103900,Census Tract 1039; Queens County; New York,74272,Census Tract 1039; Queens County; New York,6670,3087,3583,Census Tract 1039; Queens County; New York,6670,2560,0,Census Tract 1039; Queens County; New York,6670,5241,1429,36081103900
1400000US36081104700,Census Tract 1047; Queens County; New York,77454,Census Tract 1047; Queens County; New York,7118,3083,4035,Census Tract 1047; Queens County; New York,7118,2238,2,Census Tract 1047; Queens County; New York,7118,5923,1195,36081104700
1400000US36081105900,Census Tract 1059; Queens County; New York,99740,Census Tract 1059; Queens County; New York,3664,1805,1859,Census Tract 1059; Queens County; New York,3664,1862,12,Census Tract 1059; Queens County; New York,3664,3394,270,36081105900
1400000US36081107201,Census Tract 1072.01; Queens County; New York,112949,Census Tract 1072.01; Queens County; New York,2323,1199,1124,Census Tract 1072.01; Queens County; New York,2323,1987,43,Census Tract 1072.01; Queens County; New York,2323,2108,215,36081107201
1400000US36081107202,Census Tract 1072.02; Queens County; New York,-,Census Tract 1072.02; Queens County; New York,0,0,0,Census Tract 1072.02; Queens County; New York,0,0,0,Census Tract 1072.02; Queens County; New York,0,0,0,36081107202
1400000US36081108500,Census Tract 1085; Queens County; New York,67226,Census Tract 1085; Queens County; New York,2766,1280,1486,Census Tract 1085; Queens County; New York,2766,1394,34,Census Tract 1085; Queens County; New York,2766,2317,449,36081108500
1400000US36081109300,Census Tract 1093; Queens County; New York,139605,Census Tract 1093; Queens County; New York,3043,1551,1492,Census Tract 1093; Queens County; New York,3043,1738,30,Census Tract 1093; Queens County; New York,3043,2753,290,36081109300
1400000US36081109700,Census Tract 1097; Queens County; New York,131142,Census Tract 1097; Queens County; New York,1855,861,994,Census Tract 1097; Queens County; New York,1855,956,11,Census Tract 1097; Queens County; New York,1855,1662,193,36081109700
1400000US36081109900,Census Tract 1099; Queens County; New York,93456,Census Tract 1099; Queens County; New York,3457,1793,1664,Census Tract 1099; Queens County; New York,3457,1621,6,Census Tract 1099; Queens County; New York,3457,3045,412,36081109900
1400000US36081111300,Census Tract 1113; Queens County; New York,138173,Census Tract 1113; Queens County; New York,2733,1345,1388,Census Tract 1113; Queens County; New York,2733,1079,7,Census Tract 1113; Queens County; New York,2733,2292,441,36081111300
1400000US36081112300,Census Tract 1123; Queens County; New York,100929,Census Tract 1123; Queens County; New York,2498,1328,1170,Census Tract 1123; Queens County; New York,2498,1050,35,Census Tract 1123; Queens County; New York,2498,1912,586,36081112300
1400000US36081112900,Census Tract 1129; Queens County; New York,100201,Census Tract 1129; Queens County; New York,2289,961,1328,Census Tract 1129; Queens County; New York,2289,880,16,Census Tract 1129; Queens County; New York,2289,1712,577,36081112900
1400000US36081113300,Census Tract 1133; Queens County; New York,118412,Census Tract 1133; Queens County; New York,1410,656,754,Census Tract 1133; Queens County; New York,1410,758,0,Census Tract 1133; Queens County; New York,1410,1146,264,36081113300
1400000US36081113900,Census Tract 1139; Queens County; New York,87850,Census Tract 1139; Queens County; New York,3885,1809,2076,Census Tract 1139; Queens County; New York,3885,1124,62,Census Tract 1139; Queens County; New York,3885,3049,836,36081113900
1400000US36081114100,Census Tract 1141; Queens County; New York,126429,Census Tract 1141; Queens County; New York,2506,1353,1153,Census Tract 1141; Queens County; New York,2506,1472,0,Census Tract 1141; Queens County; New York,2506,2219,287,36081114100
1400000US36081114700,Census Tract 1147; Queens County; New York,98188,Census Tract 1147; Queens County; New York,1891,854,1037,Census Tract 1147; Queens County; New York,1891,818,0,Census Tract 1147; Queens County; New York,1891,1737,154,36081114700
1400000US36081115100,Census Tract 1151; Queens County; New York,121719,Census Tract 1151; Queens County; New York,946,435,511,Census Tract 1151; Queens County; New York,946,247,0,Census Tract 1151; Queens County; New York,946,770,176,36081115100
1400000US36081115500,Census Tract 1155; Queens County; New York,89118,Census Tract 1155; Queens County; New York,2079,993,1086,Census Tract 1155; Queens County; New York,2079,483,0,Census Tract 1155; Queens County; New York,2079,1773,306,36081115500
1400000US36081115700,Census Tract 1157; Queens County; New York,62255,Census Tract 1157; Queens County; New York,3273,1665,1608,Census Tract 1157; Queens County; New York,3273,731,137,Census Tract 1157; Queens County; New York,3273,2921,352,36081115700
1400000US36081115900,Census Tract 1159; Queens County; New York,63132,Census Tract 1159; Queens County; New York,3850,2194,1656,Census Tract 1159; Queens County; New York,3850,801,146,Census Tract 1159; Queens County; New York,3850,3508,342,36081115900
1400000US36081116100,Census Tract 1161; Queens County; New York,42750,Census Tract 1161; Queens County; New York,3642,1643,1999,Census Tract 1161; Queens County; New York,3642,326,154,Census Tract 1161; Queens County; New York,3642,2993,649,36081116100
1400000US36081116301,Census Tract 1163.01; Queens County; New York,41154,Census Tract 1163.01; Queens County; New York,4398,1949,2449,Census Tract 1163.01; Queens County; New York,4398,554,221,Census Tract 1163.01; Queens County; New York,4398,3760,638,36081116301
1400000US36081116302,Census Tract 1163.02; Queens County; New York,61359,Census Tract 1163.02; Queens County; New York,3561,1656,1905,Census Tract 1163.02; Queens County; New York,3561,453,156,Census Tract 1163.02; Queens County; New York,3561,2829,732,36081116302
1400000US36081116700,Census Tract 1167; Queens County; New York,55216,Census Tract 1167; Queens County; New York,1994,997,997,Census Tract 1167; Queens County; New York,1994,201,34,Census Tract 1167; Queens County; New York,1994,1519,475,36081116700
1400000US36081117100,Census Tract 1171; Queens County; New York,76658,Census Tract 1171; Queens County; New York,2499,1125,1374,Census Tract 1171; Queens County; New York,2499,502,46,Census Tract 1171; Queens County; New York,2499,2233,266,36081117100
1400000US36081117500,Census Tract 1175; Queens County; New York,87938,Census Tract 1175; Queens County; New York,4559,2281,2278,Census Tract 1175; Queens County; New York,4559,1108,62,Census Tract 1175; Queens County; New York,4559,3974,585,36081117500
1400000US36081118100,Census Tract 1181; Queens County; New York,98056,Census Tract 1181; Queens County; New York,1924,1000,924,Census Tract 1181; Queens County; New York,1924,764,28,Census Tract 1181; Queens County; New York,1924,1617,307,36081118100
1400000US36081118500,Census Tract 1185; Queens County; New York,60536,Census Tract 1185; Queens County; New York,1808,843,965,Census Tract 1185; Queens County; New York,1808,173,50,Census Tract 1185; Queens County; New York,1808,1105,703,36081118500
1400000US36081118700,Census Tract 1187; Queens County; New York,67443,Census Tract 1187; Queens County; New York,2513,1289,1224,Census Tract 1187; Queens County; New York,2513,437,21,Census Tract 1187; Queens County; New York,2513,2100,413,36081118700
1400000US36081118900,Census Tract 1189; Queens County; New York,54135,Census Tract 1189; Queens County; New York,1865,1177,688,Census Tract 1189; Queens County; New York,1865,218,0,Census Tract 1189; Queens County; New York,1865,1687,178,36081118900
1400000US36081119100,Census Tract 1191; Queens County; New York,-,Census Tract 1191; Queens County; New York,2888,1584,1304,Census Tract 1191; Queens County; New York,2888,623,0,Census Tract 1191; Queens County; New York,2888,2479,409,36081119100
1400000US36081119300,Census Tract 1193; Queens County; New York,50966,Census Tract 1193; Queens County; New York,2399,1087,1312,Census Tract 1193; Queens County; New York,2399,389,0,Census Tract 1193; Queens County; New York,2399,2002,397,36081119300
1400000US36081119500,Census Tract 1195; Queens County; New York,104706,Census Tract 1195; Queens County; New York,1588,843,745,Census Tract 1195; Queens County; New York,1588,443,2,Census Tract 1195; Queens County; New York,1588,1069,519,36081119500
1400000US36081119900,Census Tract 1199; Queens County; New York,120625,Census Tract 1199; Queens County; New York,1563,812,751,Census Tract 1199; Queens County; New York,1563,380,6,Census Tract 1199; Queens County; New York,1563,1524,39,36081119900
1400000US36081120100,Census Tract 1201; Queens County; New York,84167,Census Tract 1201; Queens County; New York,1585,746,839,Census Tract 1201; Queens County; New York,1585,233,30,Census Tract 1201; Queens County; New York,1585,1386,199,36081120100
1400000US36081120300,Census Tract 1203; Queens County; New York,58646,Census Tract 1203; Queens County; New York,1503,726,777,Census Tract 1203; Queens County; New York,1503,189,0,Census Tract 1203; Queens County; New York,1503,1319,184,36081120300
1400000US36081120500,Census Tract 1205; Queens County; New York,31250,Census Tract 1205; Queens County; New York,2682,1290,1392,Census Tract 1205; Queens County; New York,2682,159,73,Census Tract 1205; Queens County; New York,2682,2575,107,36081120500
1400000US36081120701,Census Tract 1207.01; Queens County; New York,106705,Census Tract 1207.01; Queens County; New York,2876,1562,1314,Census Tract 1207.01; Queens County; New York,2876,851,27,Census Tract 1207.01; Queens County; New York,2876,2559,317,36081120701
1400000US36081120702,Census Tract 1207.02; Queens County; New York,-,Census Tract 1207.02; Queens County; New York,0,0,0,Census Tract 1207.02; Queens County; New York,0,0,0,Census Tract 1207.02; Queens County; New York,0,0,0,36081120702
1400000US36081121100,Census Tract 1211; Queens County; New York,-,Census Tract 1211; Queens County; New York,0,0,0,Census Tract 1211; Queens County; New York,0,0,0,Census Tract 1211; Queens County; New York,0,0,0,36081121100
1400000US36081121500,Census Tract 1215; Queens County; New York,89858,Census Tract 1215; Queens County; New York,4236,2040,2196,Census Tract 1215; Queens County; New York,4236,736,109,Census Tract 1215; Queens County; New York,4236,3413,823,36081121500
1400000US36081122300,Census Tract 1223; Queens County; New York,94397,Census Tract 1223; Queens County; New York,3355,1586,1769,Census Tract 1223; Queens County; New York,3355,910,102,Census Tract 1223; Queens County; New York,3355,3196,159,36081122300
1400000US36081122702,Census Tract 1227.02; Queens County; New York,26694,Census Tract 1227.02; Queens County; New York,6665,2698,3967,Census Tract 1227.02; Queens County; New York,6665,1711,1964,Census Tract 1227.02; Queens County; New York,6665,4513,2152,36081122702
1400000US36081122703,Census Tract 1227.03; Queens County; New York,71465,Census Tract 1227.03; Queens County; New York,7452,3765,3687,Census Tract 1227.03; Queens County; New York,7452,1805,936,Census Tract 1227.03; Queens County; New York,7452,3685,3767,36081122703
1400000US36081122704,Census Tract 1227.04; Queens County; New York,84904,Census Tract 1227.04; Queens County; New York,4719,2012,2707,Census Tract 1227.04; Queens County; New York,4719,1273,460,Census Tract 1227.04; Queens County; New York,4719,2929,1790,36081122704
1400000US36081124100,Census Tract 1241; Queens County; New York,93417,Census Tract 1241; Queens County; New York,3872,2011,1861,Census Tract 1241; Queens County; New York,3872,952,303,Census Tract 1241; Queens County; New York,3872,3057,815,36081124100
1400000US36081124700,Census Tract 1247; Queens County; New York,120685,Census Tract 1247; Queens County; New York,3676,1705,1971,Census Tract 1247; Queens County; New York,3676,1668,5,Census Tract 1247; Queens County; New York,3676,3665,11,36081124700
1400000US36081125700,Census Tract 1257; Queens County; New York,82031,Census Tract 1257; Queens County; New York,2977,1506,1471,Census Tract 1257; Queens County; New York,2977,540,345,Census Tract 1257; Queens County; New York,2977,2063,914,36081125700
1400000US36081126500,Census Tract 1265; Queens County; New York,138424,Census Tract 1265; Queens County; New York,1928,1160,768,Census Tract 1265; Queens County; New York,1928,443,165,Census Tract 1265; Queens County; New York,1928,1500,428,36081126500
1400000US36081126700,Census Tract 1267; Queens County; New York,117743,Census Tract 1267; Queens County; New York,4457,2085,2372,Census Tract 1267; Queens County; New York,4457,1962,702,Census Tract 1267; Queens County; New York,4457,3503,954,36081126700
1400000US36081127700,Census Tract 1277; Queens County; New York,121577,Census Tract 1277; Queens County; New York,2973,1571,1402,Census Tract 1277; Queens County; New York,2973,1969,184,Census Tract 1277; Queens County; New York,2973,2886,87,36081127700
1400000US36081128300,Census Tract 1283; Queens County; New York,-,Census Tract 1283; Queens County; New York,0,0,0,Census Tract 1283; Queens County; New York,0,0,0,Census Tract 1283; Queens County; New York,0,0,0,36081128300
1400000US36081129102,Census Tract 1291.02; Queens County; New York,144154,Census Tract 1291.02; Queens County; New York,3654,2010,1644,Census Tract 1291.02; Queens County; New York,3654,2183,91,Census Tract 1291.02; Queens County; New York,3654,3373,281,36081129102
1400000US36081129103,Census Tract 1291.03; Queens County; New York,76705,Census Tract 1291.03; Queens County; New York,4323,1952,2371,Census Tract 1291.03; Queens County; New York,4323,2495,86,Census Tract 1291.03; Queens County; New York,4323,3484,839,36081129103
1400000US36081129104,Census Tract 1291.04; Queens County; New York,109891,Census Tract 1291.04; Queens County; New York,4397,2024,2373,Census Tract 1291.04; Queens County; New York,4397,2104,118,Census Tract 1291.04; Queens County; New York,4397,3447,950,36081129104
1400000US36081130100,Census Tract 1301; Queens County; New York,91389,Census Tract 1301; Queens County; New York,4111,2016,2095,Census Tract 1301; Queens County; New York,4111,730,938,Census Tract 1301; Queens County; New York,4111,3216,895,36081130100
1400000US36081133300,Census Tract 1333; Queens County; New York,134083,Census Tract 1333; Queens County; New York,3701,2005,1696,Census Tract 1333; Queens County; New York,3701,1615,58,Census Tract 1333; Queens County; New York,3701,3296,405,36081133300
1400000US36081133900,Census Tract 1339; Queens County; New York,141563,Census Tract 1339; Queens County; New York,1376,686,690,Census Tract 1339; Queens County; New York,1376,732,6,Census Tract 1339; Queens County; New York,1376,1325,51,36081133900
1400000US36081134100,Census Tract 1341; Queens County; New York,64324,Census Tract 1341; Queens County; New York,2709,1474,1235,Census Tract 1341; Queens County; New York,2709,776,135,Census Tract 1341; Queens County; New York,2709,2548,161,36081134100
1400000US36081134701,Census Tract 1347.01; Queens County; New York,89671,Census Tract 1347.01; Queens County; New York,4840,2301,2539,Census Tract 1347.01; Queens County; New York,4840,979,756,Census Tract 1347.01; Queens County; New York,4840,3747,1093,36081134701
1400000US36081134702,Census Tract 1347.02; Queens County; New York,86058,Census Tract 1347.02; Queens County; New York,4834,2287,2547,Census Tract 1347.02; Queens County; New York,4834,537,1158,Census Tract 1347.02; Queens County; New York,4834,4607,227,36081134702
1400000US36081136700,Census Tract 1367; Queens County; New York,95803,Census Tract 1367; Queens County; New York,6523,2810,3713,Census Tract 1367; Queens County; New York,6523,1111,379,Census Tract 1367; Queens County; New York,6523,5988,535,36081136700
1400000US36081137700,Census Tract 1377; Queens County; New York,109481,Census Tract 1377; Queens County; New York,6652,3027,3625,Census Tract 1377; Queens County; New York,6652,1827,303,Census Tract 1377; Queens County; New York,6652,5515,1137,36081137700
1400000US36081138501,Census Tract 1385.01; Queens County; New York,96563,Census Tract 1385.01; Queens County; New York,4297,2345,1952,Census Tract 1385.01; Queens County; New York,4297,1190,0,Census Tract 1385.01; Queens County; New York,4297,3593,704,36081138501
1400000US36081138502,Census Tract 1385.02; Queens County; New York,-,Census Tract 1385.02; Queens County; New York,97,97,0,Census Tract 1385.02; Queens County; New York,97,83,2,Census Tract 1385.02; Queens County; New York,97,85,12,36081138502
1400000US36081139900,Census Tract 1399; Queens County; New York,159300,Census Tract 1399; Queens County; New York,1546,762,784,Census Tract 1399; Queens County; New York,1546,359,0,Census Tract 1399; Queens County; New York,1546,1263,283,36081139900
1400000US36081140300,Census Tract 1403; Queens County; New York,79375,Census Tract 1403; Queens County; New York,2341,1261,1080,Census Tract 1403; Queens County; New York,2341,623,4,Census Tract 1403; Queens County; New York,2341,2245,96,36081140300
1400000US36081140901,Census Tract 1409.01; Queens County; New York,125038,Census Tract 1409.01; Queens County; New York,1034,617,417,Census Tract 1409.01; Queens County; New York,1034,247,21,Census Tract 1409.01; Queens County; New York,1034,666,368,36081140901
1400000US36081140902,Census Tract 1409.02; Queens County; New York,107321,Census Tract 1409.02; Queens County; New York,2373,1163,1210,Census Tract 1409.02; Queens County; New York,2373,671,4,Census Tract 1409.02; Queens County; New York,2373,2201,172,36081140902
1400000US36081141700,Census Tract 1417; Queens County; New York,71500,Census Tract 1417; Queens County; New York,4486,1867,2619,Census Tract 1417; Queens County; New York,4486,961,119,Census Tract 1417; Queens County; New York,4486,3868,618,36081141700
1400000US36081142900,Census Tract 1429; Queens County; New York,95227,Census Tract 1429; Queens County; New York,4034,1919,2115,Census Tract 1429; Queens County; New York,4034,1280,0,Census Tract 1429; Queens County; New York,4034,3546,488,36081142900
1400000US36081143500,Census Tract 1435; Queens County; New York,113974,Census Tract 1435; Queens County; New York,2267,1143,1124,Census Tract 1435; Queens County; New York,2267,562,21,Census Tract 1435; Queens County; New York,2267,2138,129,36081143500
1400000US36081144100,Census Tract 1441; Queens County; New York,118001,Census Tract 1441; Queens County; New York,2700,1224,1476,Census Tract 1441; Queens County; New York,2700,985,0,Census Tract 1441; Queens County; New York,2700,2480,220,36081144100
1400000US36081144700,Census Tract 1447; Queens County; New York,97917,Census Tract 1447; Queens County; New York,3589,1592,1997,Census Tract 1447; Queens County; New York,3589,605,672,Census Tract 1447; Queens County; New York,3589,3063,526,36081144700
1400000US36081145101,Census Tract 1451.01; Queens County; New York,78125,Census Tract 1451.01; Queens County; New York,1142,630,512,Census Tract 1451.01; Queens County; New York,1142,415,0,Census Tract 1451.01; Queens County; New York,1142,1117,25,36081145101
1400000US36081145102,Census Tract 1451.02; Queens County; New York,93750,Census Tract 1451.02; Queens County; New York,2578,1235,1343,Census Tract 1451.02; Queens County; New York,2578,874,9,Census Tract 1451.02; Queens County; New York,2578,2077,501,36081145102
1400000US36081145900,Census Tract 1459; Queens County; New York,119017,Census Tract 1459; Queens County; New York,2630,1356,1274,Census Tract 1459; Queens County; New York,2630,1032,0,Census Tract 1459; Queens County; New York,2630,2005,625,36081145900
1400000US36081146300,Census Tract 1463; Queens County; New York,88620,Census Tract 1463; Queens County; New York,2979,1237,1742,Census Tract 1463; Queens County; New York,2979,1232,135,Census Tract 1463; Queens County; New York,2979,2409,570,36081146300
1400000US36081146700,Census Tract 1467; Queens County; New York,112500,Census Tract 1467; Queens County; New York,2866,1575,1291,Census Tract 1467; Queens County; New York,2866,1541,103,Census Tract 1467; Queens County; New York,2866,2539,327,36081146700
1400000US36081147100,Census Tract 1471; Queens County; New York,94773,Census Tract 1471; Queens County; New York,3340,1310,2030,Census Tract 1471; Queens County; New York,3340,1841,131,Census Tract 1471; Queens County; New York,3340,3258,82,36081147100
1400000US36081147900,Census Tract 1479; Queens County; New York,90781,Census Tract 1479; Queens County; New York,4525,2033,2492,Census Tract 1479; Queens County; New York,4525,2143,40,Census Tract 1479; Queens County; New York,4525,3765,760,36081147900
1400000US36081148300,Census Tract 1483; Queens County; New York,139643,Census Tract 1483; Queens County; New York,2990,1525,1465,Census Tract 1483; Queens County; New York,2990,2123,0,Census Tract 1483; Queens County; New York,2990,2825,165,36081148300
1400000US36081150701,Census Tract 1507.01; Queens County; New York,143472,Census Tract 1507.01; Queens County; New York,3150,1482,1668,Census Tract 1507.01; Queens County; New York,3150,1534,8,Census Tract 1507.01; Queens County; New York,3150,2702,448,36081150701
1400000US36081150702,Census Tract 1507.02; Queens County; New York,114821,Census Tract 1507.02; Queens County; New York,3050,1236,1814,Census Tract 1507.02; Queens County; New York,3050,1553,60,Census Tract 1507.02; Queens County; New York,3050,2881,169,36081150702
1400000US36081152901,Census Tract 1529.01; Queens County; New York,92750,Census Tract 1529.01; Queens County; New York,5607,2743,2864,Census Tract 1529.01; Queens County; New York,5607,1736,571,Census Tract 1529.01; Queens County; New York,5607,4976,631,36081152901
1400000US36081152902,Census Tract 1529.02; Queens County; New York,129235,Census Tract 1529.02; Queens County; New York,6252,3181,3071,Census Tract 1529.02; Queens County; New York,6252,2329,46,Census Tract 1529.02; Queens County; New York,6252,5789,463,36081152902
1400000US36081155101,Census Tract 1551.01; Queens County; New York,91719,Census Tract 1551.01; Queens County; New York,2195,802,1393,Census Tract 1551.01; Queens County; New York,2195,2102,0,Census Tract 1551.01; Queens County; New York,2195,2181,14,36081155101
1400000US36081155103,Census Tract 1551.03; Queens County; New York,113622,Census Tract 1551.03; Queens County; New York,4349,1882,2467,Census Tract 1551.03; Queens County; New York,4349,2267,467,Census Tract 1551.03; Queens County; New York,4349,3891,458,36081155103
1400000US36081155104,Census Tract 1551.04; Queens County; New York,90192,Census Tract 1551.04; Queens County; New York,3261,1687,1574,Census Tract 1551.04; Queens County; New York,3261,1141,322,Census Tract 1551.04; Queens County; New York,3261,2942,319,36081155104
1400000US36081156700,Census Tract 1567; Queens County; New York,60625,Census Tract 1567; Queens County; New York,1799,919,880,Census Tract 1567; Queens County; New York,1799,299,534,Census Tract 1567; Queens County; New York,1799,1498,301,36081156700
1400000US36081157101,Census Tract 1571.01; Queens County; New York,90857,Census Tract 1571.01; Queens County; New York,8186,4000,4186,Census Tract 1571.01; Queens County; New York,8186,1817,228,Census Tract 1571.01; Queens County; New York,8186,6897,1289,36081157101
1400000US36081157102,Census Tract 1571.02; Queens County; New York,114844,Census Tract 1571.02; Queens County; New York,2005,1084,921,Census Tract 1571.02; Queens County; New York,2005,323,32,Census Tract 1571.02; Queens County; New York,2005,1538,467,36081157102
1400000US36081157901,Census Tract 1579.01; Queens County; New York,114219,Census Tract 1579.01; Queens County; New York,5253,2214,3039,Census Tract 1579.01; Queens County; New York,5253,854,11,Census Tract 1579.01; Queens County; New York,5253,4589,664,36081157901
1400000US36081157902,Census Tract 1579.02; Queens County; New York,109875,Census Tract 1579.02; Queens County; New York,4054,2138,1916,Census Tract 1579.02; Queens County; New York,4054,740,21,Census Tract 1579.02; Queens County; New York,4054,3673,381,36081157902
1400000US36081157903,Census Tract 1579.03; Queens County; New York,121000,Census Tract 1579.03; Queens County; New York,3746,1710,2036,Census Tract 1579.03; Queens County; New York,3746,1000,103,Census Tract 1579.03; Queens County; New York,3746,3413,333,36081157903
1400000US36081161700,Census Tract 1617; Queens County; New York,115125,Census Tract 1617; Queens County; New York,4786,2557,2229,Census Tract 1617; Queens County; New York,4786,1587,498,Census Tract 1617; Queens County; New York,4786,3808,978,36081161700
1400000US36081162100,Census Tract 1621; Queens County; New York,131094,Census Tract 1621; Queens County; New York,6446,3442,3004,Census Tract 1621; Queens County; New York,6446,1044,516,Census Tract 1621; Queens County; New York,6446,5646,800,36081162100
1400000US36081990100,Census Tract 9901; Queens County; New York,-,Census Tract 9901; Queens County; New York,0,0,0,Census Tract 9901; Queens County; New York,0,0,0,Census Tract 9901; Queens County; New York,0,0,0,36081990100
1400000US36085000300,Census Tract 3; Richmond County; New York,76563,Census Tract 3; Richmond County; New York,2072,1148,924,Census Tract 3; Richmond County; New York,2072,962,315,Census Tract 3; Richmond County; New York,2072,1608,464,36085000300
1400000US36085000600,Census Tract 6; Richmond County; New York,34421,Census Tract 6; Richmond County; New York,2696,935,1761,Census Tract 6; Richmond County; New York,2696,1440,234,Census Tract 6; Richmond County; New York,2696,2057,639,36085000600
1400000US36085000700,Census Tract 7; Richmond County; New York,61533,Census Tract 7; Richmond County; New York,5195,2187,3008,Census Tract 7; Richmond County; New York,5195,1449,2570,Census Tract 7; Richmond County; New York,5195,3624,1571,36085000700
1400000US36085000800,Census Tract 8; Richmond County; New York,102717,Census Tract 8; Richmond County; New York,4908,2349,2559,Census Tract 8; Richmond County; New York,4908,3023,42,Census Tract 8; Richmond County; New York,4908,3806,1102,36085000800
1400000US36085000900,Census Tract 9; Richmond County; New York,64233,Census Tract 9; Richmond County; New York,2127,1104,1023,Census Tract 9; Richmond County; New York,2127,653,927,Census Tract 9; Richmond County; New York,2127,1473,654,36085000900
1400000US36085001100,Census Tract 11; Richmond County; New York,58516,Census Tract 11; Richmond County; New York,4203,2116,2087,Census Tract 11; Richmond County; New York,4203,843,1439,Census Tract 11; Richmond County; New York,4203,2387,1816,36085001100
1400000US36085001700,Census Tract 17; Richmond County; New York,52833,Census Tract 17; Richmond County; New York,1518,579,939,Census Tract 17; Richmond County; New York,1518,712,387,Census Tract 17; Richmond County; New York,1518,1205,313,36085001700
1400000US36085001800,Census Tract 18; Richmond County; New York,89750,Census Tract 18; Richmond County; New York,465,303,162,Census Tract 18; Richmond County; New York,465,251,107,Census Tract 18; Richmond County; New York,465,311,154,36085001800
1400000US36085002001,Census Tract 20.01; Richmond County; New York,81932,Census Tract 20.01; Richmond County; New York,2736,1054,1682,Census Tract 20.01; Richmond County; New York,2736,1984,85,Census Tract 20.01; Richmond County; New York,2736,2431,305,36085002001
1400000US36085002002,Census Tract 20.02; Richmond County; New York,83581,Census Tract 20.02; Richmond County; New York,3028,1550,1478,Census Tract 20.02; Richmond County; New York,3028,2111,227,Census Tract 20.02; Richmond County; New York,3028,2668,360,36085002002
1400000US36085002100,Census Tract 21; Richmond County; New York,47755,Census Tract 21; Richmond County; New York,5285,2689,2596,Census Tract 21; Richmond County; New York,5285,2030,1668,Census Tract 21; Richmond County; New York,5285,2707,2578,36085002100
1400000US36085002700,Census Tract 27; Richmond County; New York,36753,Census Tract 27; Richmond County; New York,2528,1281,1247,Census Tract 27; Richmond County; New York,2528,579,647,Census Tract 27; Richmond County; New York,2528,1355,1173,36085002700
1400000US36085002900,Census Tract 29; Richmond County; New York,61591,Census Tract 29; Richmond County; New York,5532,2614,2918,Census Tract 29; Richmond County; New York,5532,815,3007,Census Tract 29; Richmond County; New York,5532,3532,2000,36085002900
1400000US36085003300,Census Tract 33; Richmond County; New York,97188,Census Tract 33; Richmond County; New York,3863,1879,1984,Census Tract 33; Richmond County; New York,3863,1894,1206,Census Tract 33; Richmond County; New York,3863,3291,572,36085003300
1400000US36085003600,Census Tract 36; Richmond County; New York,86695,Census Tract 36; Richmond County; New York,2706,1454,1252,Census Tract 36; Richmond County; New York,2706,1101,17,Census Tract 36; Richmond County; New York,2706,1942,764,36085003600
1400000US36085003900,Census Tract 39; Richmond County; New York,80882,Census Tract 39; Richmond County; New York,2263,1232,1031,Census Tract 39; Richmond County; New York,2263,1175,402,Census Tract 39; Richmond County; New York,2263,1786,477,36085003900
1400000US36085004001,Census Tract 40.01; Richmond County; New York,61118,Census Tract 40.01; Richmond County; New York,2733,1631,1102,Census Tract 40.01; Richmond County; New York,2733,1065,913,Census Tract 40.01; Richmond County; New York,2733,2549,184,36085004001
1400000US36085004002,Census Tract 40.02; Richmond County; New York,-,Census Tract 40.02; Richmond County; New York,2488,979,1509,Census Tract 40.02; Richmond County; New York,2488,449,718,Census Tract 40.02; Richmond County; New York,2488,1808,680,36085004002
1400000US36085004003,Census Tract 40.03; Richmond County; New York,23021,Census Tract 40.03; Richmond County; New York,3507,1587,1920,Census Tract 40.03; Richmond County; New York,3507,300,2410,Census Tract 40.03; Richmond County; New York,3507,2472,1035,36085004003
1400000US36085004004,Census Tract 40.04; Richmond County; New York,112609,Census Tract 40.04; Richmond County; New York,3664,1636,2028,Census Tract 40.04; Richmond County; New York,3664,689,815,Census Tract 40.04; Richmond County; New York,3664,2269,1395,36085004004
1400000US36085004700,Census Tract 47; Richmond County; New York,125982,Census Tract 47; Richmond County; New York,2961,1633,1328,Census Tract 47; Richmond County; New York,2961,1349,606,Census Tract 47; Richmond County; New York,2961,2433,528,36085004700
1400000US36085005000,Census Tract 50; Richmond County; New York,79539,Census Tract 50; Richmond County; New York,4683,2346,2337,Census Tract 50; Richmond County; New York,4683,2629,272,Census Tract 50; Richmond County; New York,4683,3735,948,36085005000
1400000US36085005901,Census Tract 59.01; Richmond County; New York,93977,Census Tract 59.01; Richmond County; New York,3075,1419,1656,Census Tract 59.01; Richmond County; New York,3075,2198,193,Census Tract 59.01; Richmond County; New York,3075,2230,845,36085005901
1400000US36085005902,Census Tract 59.02; Richmond County; New York,-,Census Tract 59.02; Richmond County; New York,0,0,0,Census Tract 59.02; Richmond County; New York,0,0,0,Census Tract 59.02; Richmond County; New York,0,0,0,36085005902
1400000US36085006400,Census Tract 64; Richmond County; New York,62188,Census Tract 64; Richmond County; New York,3431,1752,1679,Census Tract 64; Richmond County; New York,3431,2064,187,Census Tract 64; Richmond County; New York,3431,3005,426,36085006400
1400000US36085006700,Census Tract 67; Richmond County; New York,104602,Census Tract 67; Richmond County; New York,2907,1373,1534,Census Tract 67; Richmond County; New York,2907,1905,297,Census Tract 67; Richmond County; New York,2907,2363,544,36085006700
1400000US36085007001,Census Tract 70.01; Richmond County; New York,75600,Census Tract 70.01; Richmond County; New York,2880,1586,1294,Census Tract 70.01; Richmond County; New York,2880,1906,31,Census Tract 70.01; Richmond County; New York,2880,2695,185,36085007001
1400000US36085007002,Census Tract 70.02; Richmond County; New York,103971,Census Tract 70.02; Richmond County; New York,6099,3039,3060,Census Tract 70.02; Richmond County; New York,6099,4629,194,Census Tract 70.02; Richmond County; New York,6099,5196,903,36085007002
1400000US36085007400,Census Tract 74; Richmond County; New York,76259,Census Tract 74; Richmond County; New York,5038,2797,2241,Census Tract 74; Richmond County; New York,5038,3107,127,Census Tract 74; Richmond County; New York,5038,4312,726,36085007400
1400000US36085007500,Census Tract 75; Richmond County; New York,113673,Census Tract 75; Richmond County; New York,3381,1692,1689,Census Tract 75; Richmond County; New York,3381,1729,464,Census Tract 75; Richmond County; New York,3381,2301,1080,36085007500
1400000US36085007700,Census Tract 77; Richmond County; New York,86875,Census Tract 77; Richmond County; New York,1948,835,1113,Census Tract 77; Richmond County; New York,1948,312,1139,Census Tract 77; Richmond County; New York,1948,1307,641,36085007700
1400000US36085008100,Census Tract 81; Richmond County; New York,82248,Census Tract 81; Richmond County; New York,4680,2258,2422,Census Tract 81; Richmond County; New York,4680,2132,1294,Census Tract 81; Richmond County; New York,4680,3370,1310,36085008100
1400000US36085009601,Census Tract 96.01; Richmond County; New York,101159,Census Tract 96.01; Richmond County; New York,4568,2357,2211,Census Tract 96.01; Richmond County; New York,4568,3713,12,Census Tract 96.01; Richmond County; New York,4568,4267,301,36085009601
1400000US36085009602,Census Tract 96.02; Richmond County; New York,87816,Census Tract 96.02; Richmond County; New York,3691,1569,2122,Census Tract 96.02; Richmond County; New York,3691,2620,47,Census Tract 96.02; Richmond County; New York,3691,3303,388,36085009602
1400000US36085009701,Census Tract 97.01; Richmond County; New York,95000,Census Tract 97.01; Richmond County; New York,4274,1960,2314,Census Tract 97.01; Richmond County; New York,4274,1912,1342,Census Tract 97.01; Richmond County; New York,4274,3154,1120,36085009701
1400000US36085009702,Census Tract 97.02; Richmond County; New York,-,Census Tract 97.02; Richmond County; New York,42,19,23,Census Tract 97.02; Richmond County; New York,42,42,0,Census Tract 97.02; Richmond County; New York,42,42,0,36085009702
1400000US36085010500,Census Tract 105; Richmond County; New York,102500,Census Tract 105; Richmond County; New York,5423,2880,2543,Census Tract 105; Richmond County; New York,5423,2029,1146,Census Tract 105; Richmond County; New York,5423,3458,1965,36085010500
1400000US36085011201,Census Tract 112.01; Richmond County; New York,107602,Census Tract 112.01; Richmond County; New York,5825,3026,2799,Census Tract 112.01; Richmond County; New York,5825,4065,0,Census Tract 112.01; Richmond County; New York,5825,5221,604,36085011201
1400000US36085011203,Census Tract 112.03; Richmond County; New York,78505,Census Tract 112.03; Richmond County; New York,6898,3238,3660,Census Tract 112.03; Richmond County; New York,6898,3107,91,Census Tract 112.03; Richmond County; New York,6898,5613,1285,36085011203
1400000US36085011204,Census Tract 112.04; Richmond County; New York,-,Census Tract 112.04; Richmond County; New York,59,18,41,Census Tract 112.04; Richmond County; New York,59,0,0,Census Tract 112.04; Richmond County; New York,59,0,59,36085011204
1400000US36085011401,Census Tract 114.01; Richmond County; New York,45259,Census Tract 114.01; Richmond County; New York,3254,1669,1585,Census Tract 114.01; Richmond County; New York,3254,1438,663,Census Tract 114.01; Richmond County; New York,3254,2011,1243,36085011401
1400000US36085011402,Census Tract 114.02; Richmond County; New York,93625,Census Tract 114.02; Richmond County; New York,3356,1566,1790,Census Tract 114.02; Richmond County; New York,3356,2556,71,Census Tract 114.02; Richmond County; New York,3356,2975,381,36085011402
1400000US36085012100,Census Tract 121; Richmond County; New York,177083,Census Tract 121; Richmond County; New York,3126,1501,1625,Census Tract 121; Richmond County; New York,3126,2671,51,Census Tract 121; Richmond County; New York,3126,2843,283,36085012100
1400000US36085012200,Census Tract 122; Richmond County; New York,114946,Census Tract 122; Richmond County; New York,4921,2452,2469,Census Tract 122; Richmond County; New York,4921,3702,46,Census Tract 122; Richmond County; New York,4921,3643,1278,36085012200
1400000US36085012500,Census Tract 125; Richmond County; New York,129583,Census Tract 125; Richmond County; New York,3095,1457,1638,Census Tract 125; Richmond County; New York,3095,1697,557,Census Tract 125; Richmond County; New York,3095,2065,1030,36085012500
1400000US36085012804,Census Tract 128.04; Richmond County; New York,86977,Census Tract 128.04; Richmond County; New York,4643,2368,2275,Census Tract 128.04; Richmond County; New York,4643,2913,30,Census Tract 128.04; Richmond County; New York,4643,3904,739,36085012804
1400000US36085012805,Census Tract 128.05; Richmond County; New York,130469,Census Tract 128.05; Richmond County; New York,2196,1171,1025,Census Tract 128.05; Richmond County; New York,2196,1718,42,Census Tract 128.05; Richmond County; New York,2196,2094,102,36085012805
1400000US36085012806,Census Tract 128.06; Richmond County; New York,61378,Census Tract 128.06; Richmond County; New York,5308,2671,2637,Census Tract 128.06; Richmond County; New York,5308,3649,180,Census Tract 128.06; Richmond County; New York,5308,3972,1336,36085012806
1400000US36085013201,Census Tract 132.01; Richmond County; New York,135500,Census Tract 132.01; Richmond County; New York,1589,842,747,Census Tract 132.01; Richmond County; New York,1589,1372,47,Census Tract 132.01; Richmond County; New York,1589,1490,99,36085013201
1400000US36085013203,Census Tract 132.03; Richmond County; New York,123693,Census Tract 132.03; Richmond County; New York,7288,3703,3585,Census Tract 132.03; Richmond County; New York,7288,5789,34,Census Tract 132.03; Richmond County; New York,7288,6331,957,36085013203
1400000US36085013204,Census Tract 132.04; Richmond County; New York,105833,Census Tract 132.04; Richmond County; New York,5090,2639,2451,Census Tract 132.04; Richmond County; New York,5090,3514,12,Census Tract 132.04; Richmond County; New York,5090,4304,786,36085013204
1400000US36085013301,Census Tract 133.01; Richmond County; New York,32750,Census Tract 133.01; Richmond County; New York,1123,394,729,Census Tract 133.01; Richmond County; New York,1123,294,606,Census Tract 133.01; Richmond County; New York,1123,816,307,36085013301
1400000US36085013302,Census Tract 133.02; Richmond County; New York,124188,Census Tract 133.02; Richmond County; New York,3468,1307,2161,Census Tract 133.02; Richmond County; New York,3468,881,1452,Census Tract 133.02; Richmond County; New York,3468,1181,2287,36085013302
1400000US36085013400,Census Tract 134; Richmond County; New York,91912,Census Tract 134; Richmond County; New York,3660,1787,1873,Census Tract 134; Richmond County; New York,3660,2272,594,Census Tract 134; Richmond County; New York,3660,3191,469,36085013400
1400000US36085013800,Census Tract 138; Richmond County; New York,149661,Census Tract 138; Richmond County; New York,6235,2725,3510,Census Tract 138; Richmond County; New York,6235,5494,4,Census Tract 138; Richmond County; New York,6235,5519,716,36085013800
1400000US36085014100,Census Tract 141; Richmond County; New York,72500,Census Tract 141; Richmond County; New York,2752,1320,1432,Census Tract 141; Richmond County; New York,2752,1224,604,Census Tract 141; Richmond County; New York,2752,1907,845,36085014100
1400000US36085014604,Census Tract 146.04; Richmond County; New York,122083,Census Tract 146.04; Richmond County; New York,6718,3092,3626,Census Tract 146.04; Richmond County; New York,6718,5727,17,Census Tract 146.04; Richmond County; New York,6718,6365,353,36085014604
1400000US36085014605,Census Tract 146.05; Richmond County; New York,143125,Census Tract 146.05; Richmond County; New York,3890,1564,2326,Census Tract 146.05; Richmond County; New York,3890,3598,2,Census Tract 146.05; Richmond County; New York,3890,3742,148,36085014605
1400000US36085014606,Census Tract 146.06; Richmond County; New York,93159,Census Tract 146.06; Richmond County; New York,6444,3411,3033,Census Tract 146.06; Richmond County; New York,6444,4834,58,Census Tract 146.06; Richmond County; New York,6444,5301,1143,36085014606
1400000US36085014607,Census Tract 146.07; Richmond County; New York,113333,Census Tract 146.07; Richmond County; New York,4857,2345,2512,Census Tract 146.07; Richmond County; New York,4857,4180,5,Census Tract 146.07; Richmond County; New York,4857,4429,428,36085014607
1400000US36085014608,Census Tract 146.08; Richmond County; New York,108958,Census Tract 146.08; Richmond County; New York,3370,1546,1824,Census Tract 146.08; Richmond County; New York,3370,2966,0,Census Tract 146.08; Richmond County; New York,3370,3042,328,36085014608
1400000US36085014700,Census Tract 147; Richmond County; New York,121000,Census Tract 147; Richmond County; New York,3398,1736,1662,Census Tract 147; Richmond County; New York,3398,2740,80,Census Tract 147; Richmond County; New York,3398,2958,440,36085014700
1400000US36085015100,Census Tract 151; Richmond County; New York,114919,Census Tract 151; Richmond County; New York,5197,2738,2459,Census Tract 151; Richmond County; New York,5197,4160,18,Census Tract 151; Richmond County; New York,5197,4650,547,36085015100
1400000US36085015400,Census Tract 154; Richmond County; New York,-,Census Tract 154; Richmond County; New York,0,0,0,Census Tract 154; Richmond County; New York,0,0,0,Census Tract 154; Richmond County; New York,0,0,0,36085015400
1400000US36085015601,Census Tract 156.01; Richmond County; New York,136434,Census Tract 156.01; Richmond County; New York,6706,3640,3066,Census Tract 156.01; Richmond County; New York,6706,5090,115,Census Tract 156.01; Richmond County; New York,6706,5156,1550,36085015601
1400000US36085015602,Census Tract 156.02; Richmond County; New York,134313,Census Tract 156.02; Richmond County; New York,3607,1636,1971,Census Tract 156.02; Richmond County; New York,3607,3198,80,Census Tract 156.02; Richmond County; New York,3607,3140,467,36085015602
1400000US36085015603,Census Tract 156.03; Richmond County; New York,104668,Census Tract 156.03; Richmond County; New York,4982,2525,2457,Census Tract 156.03; Richmond County; New York,4982,3789,0,Census Tract 156.03; Richmond County; New York,4982,4198,784,36085015603
1400000US36085016901,Census Tract 169.01; Richmond County; New York,148153,Census Tract 169.01; Richmond County; New York,3735,1931,1804,Census Tract 169.01; Richmond County; New York,3735,2317,19,Census Tract 169.01; Richmond County; New York,3735,2593,1142,36085016901
1400000US36085017005,Census Tract 170.05; Richmond County; New York,100558,Census Tract 170.05; Richmond County; New York,4616,1939,2677,Census Tract 170.05; Richmond County; New York,4616,4002,43,Census Tract 170.05; Richmond County; New York,4616,4485,131,36085017005
1400000US36085017007,Census Tract 170.07; Richmond County; New York,101971,Census Tract 170.07; Richmond County; New York,6298,3367,2931,Census Tract 170.07; Richmond County; New York,6298,4052,47,Census Tract 170.07; Richmond County; New York,6298,4818,1480,36085017007
1400000US36085017009,Census Tract 170.09; Richmond County; New York,117222,Census Tract 170.09; Richmond County; New York,4805,2370,2435,Census Tract 170.09; Richmond County; New York,4805,3847,153,Census Tract 170.09; Richmond County; New York,4805,4433,372,36085017009
1400000US36085017011,Census Tract 170.11; Richmond County; New York,127585,Census Tract 170.11; Richmond County; New York,4540,2142,2398,Census Tract 170.11; Richmond County; New York,4540,3788,13,Census Tract 170.11; Richmond County; New York,4540,3931,609,36085017011
1400000US36085017012,Census Tract 170.12; Richmond County; New York,122917,Census Tract 170.12; Richmond County; New York,5170,2607,2563,Census Tract 170.12; Richmond County; New York,5170,4061,46,Census Tract 170.12; Richmond County; New York,5170,4196,974,36085017012
1400000US36085017013,Census Tract 170.13; Richmond County; New York,95875,Census Tract 170.13; Richmond County; New York,4652,1878,2774,Census Tract 170.13; Richmond County; New York,4652,2865,202,Census Tract 170.13; Richmond County; New York,4652,4027,625,36085017013
1400000US36085017014,Census Tract 170.14; Richmond County; New York,108828,Census Tract 170.14; Richmond County; New York,4221,1945,2276,Census Tract 170.14; Richmond County; New York,4221,3442,19,Census Tract 170.14; Richmond County; New York,4221,3336,885,36085017014
1400000US36085017015,Census Tract 170.15; Richmond County; New York,118598,Census Tract 170.15; Richmond County; New York,2897,1500,1397,Census Tract 170.15; Richmond County; New York,2897,2716,0,Census Tract 170.15; Richmond County; New York,2897,2761,136,36085017015
1400000US36085017016,Census Tract 170.16; Richmond County; New York,121371,Census Tract 170.16; Richmond County; New York,4538,2377,2161,Census Tract 170.16; Richmond County; New York,4538,3476,18,Census Tract 170.16; Richmond County; New York,4538,4057,481,36085017016
1400000US36085017300,Census Tract 173; Richmond County; New York,49500,Census Tract 173; Richmond County; New York,2634,1290,1344,Census Tract 173; Richmond County; New York,2634,757,558,Census Tract 173; Richmond County; New York,2634,1711,923,36085017300
1400000US36085017600,Census Tract 176; Richmond County; New York,140795,Census Tract 176; Richmond County; New York,5132,2393,2739,Census Tract 176; Richmond County; New York,5132,4525,174,Census Tract 176; Richmond County; New York,5132,5071,61,36085017600
1400000US36085017701,Census Tract 177.01; Richmond County; New York,136602,Census Tract 177.01; Richmond County; New York,3791,1898,1893,Census Tract 177.01; Richmond County; New York,3791,2705,2,Census Tract 177.01; Richmond County; New York,3791,3499,292,36085017701
1400000US36085017702,Census Tract 177.02; Richmond County; New York,116073,Census Tract 177.02; Richmond County; New York,2338,965,1373,Census Tract 177.02; Richmond County; New York,2338,2113,1,Census Tract 177.02; Richmond County; New York,2338,2226,112,36085017702
1400000US36085018100,Census Tract 181; Richmond County; New York,95282,Census Tract 181; Richmond County; New York,3692,1695,1997,Census Tract 181; Richmond County; New York,3692,2741,193,Census Tract 181; Richmond County; New York,3692,3073,619,36085018100
1400000US36085018701,Census Tract 187.01; Richmond County; New York,102109,Census Tract 187.01; Richmond County; New York,1951,1025,926,Census Tract 187.01; Richmond County; New York,1951,1224,71,Census Tract 187.01; Richmond County; New York,1951,1721,230,36085018701
1400000US36085018703,Census Tract 187.03; Richmond County; New York,100881,Census Tract 187.03; Richmond County; New York,4188,2211,1977,Census Tract 187.03; Richmond County; New York,4188,2306,179,Census Tract 187.03; Richmond County; New York,4188,3844,344,36085018703
1400000US36085018704,Census Tract 187.04; Richmond County; New York,134583,Census Tract 187.04; Richmond County; New York,4379,2141,2238,Census Tract 187.04; Richmond County; New York,4379,3067,298,Census Tract 187.04; Richmond County; New York,4379,4342,37,36085018704
1400000US36085018901,Census Tract 189.01; Richmond County; New York,147587,Census Tract 189.01; Richmond County; New York,5231,2472,2759,Census Tract 189.01; Richmond County; New York,5231,3128,227,Census Tract 189.01; Richmond County; New York,5231,4181,1050,36085018901
1400000US36085018902,Census Tract 189.02; Richmond County; New York,112800,Census Tract 189.02; Richmond County; New York,6152,3138,3014,Census Tract 189.02; Richmond County; New York,6152,4609,101,Census Tract 189.02; Richmond County; New York,6152,5750,402,36085018902
1400000US36085019700,Census Tract 197; Richmond County; New York,115240,Census Tract 197; Richmond County; New York,1914,964,950,Census Tract 197; Richmond County; New York,1914,1430,15,Census Tract 197; Richmond County; New York,1914,1728,186,36085019700
1400000US36085019800,Census Tract 198; Richmond County; New York,134592,Census Tract 198; Richmond County; New York,7556,3706,3850,Census Tract 198; Richmond County; New York,7556,6604,56,Census Tract 198; Richmond County; New York,7556,6673,883,36085019800
1400000US36085020100,Census Tract 201; Richmond County; New York,97100,Census Tract 201; Richmond County; New York,3637,1891,1746,Census Tract 201; Richmond County; New York,3637,2172,43,Census Tract 201; Richmond County; New York,3637,2300,1337,36085020100
1400000US36085020701,Census Tract 207.01; Richmond County; New York,68371,Census Tract 207.01; Richmond County; New York,3707,1812,1895,Census Tract 207.01; Richmond County; New York,3707,693,1532,Census Tract 207.01; Richmond County; New York,3707,2431,1276,36085020701
1400000US36085020702,Census Tract 207.02; Richmond County; New York,43176,Census Tract 207.02; Richmond County; New York,2635,1418,1217,Census Tract 207.02; Richmond County; New York,2635,510,681,Census Tract 207.02; Richmond County; New York,2635,967,1668,36085020702
1400000US36085020803,Census Tract 208.03; Richmond County; New York,147917,Census Tract 208.03; Richmond County; New York,7802,3913,3889,Census Tract 208.03; Richmond County; New York,7802,7542,32,Census Tract 208.03; Richmond County; New York,7802,7548,254,36085020803
1400000US36085020804,Census Tract 208.04; Richmond County; New York,101382,Census Tract 208.04; Richmond County; New York,5228,2712,2516,Census Tract 208.04; Richmond County; New York,5228,4488,32,Census Tract 208.04; Richmond County; New York,5228,4552,676,36085020804
1400000US36085020805,Census Tract 208.05; Richmond County; New York,119347,Census Tract 208.05; Richmond County; New York,6058,2906,3152,Census Tract 208.05; Richmond County; New York,6058,5041,13,Census Tract 208.05; Richmond County; New York,6058,5572,486,36085020805
1400000US36085020806,Census Tract 208.06; Richmond County; New York,96188,Census Tract 208.06; Richmond County; New York,2827,1562,1265,Census Tract 208.06; Richmond County; New York,2827,2339,2,Census Tract 208.06; Richmond County; New York,2827,2450,377,36085020806
1400000US36085021300,Census Tract 213; Richmond County; New York,83009,Census Tract 213; Richmond County; New York,5391,2848,2543,Census Tract 213; Richmond County; New York,5391,1546,1208,Census Tract 213; Richmond County; New York,5391,2571,2820,36085021300
1400000US36085022300,Census Tract 223; Richmond County; New York,62063,Census Tract 223; Richmond County; New York,3109,1369,1740,Census Tract 223; Richmond County; New York,3109,632,1183,Census Tract 223; Richmond County; New York,3109,1978,1131,36085022300
1400000US36085022601,Census Tract 226.01; Richmond County; New York,104792,Census Tract 226.01; Richmond County; New York,7221,3520,3701,Census Tract 226.01; Richmond County; New York,7221,5758,6,Census Tract 226.01; Richmond County; New York,7221,6085,1136,36085022601
1400000US36085022602,Census Tract 226.02; Richmond County; New York,-,Census Tract 226.02; Richmond County; New York,1457,499,958,Census Tract 226.02; Richmond County; New York,1457,1335,7,Census Tract 226.02; Richmond County; New York,1457,1378,79,36085022602
1400000US36085022801,Census Tract 228.01; Richmond County; New York,-,Census Tract 228.01; Richmond County; New York,43,36,7,Census Tract 228.01; Richmond County; New York,43,31,5,Census Tract 228.01; Richmond County; New York,43,43,0,36085022801
1400000US36085022802,Census Tract 228.02; Richmond County; New York,-,Census Tract 228.02; Richmond County; New York,0,0,0,Census Tract 228.02; Richmond County; New York,0,0,0,Census Tract 228.02; Richmond County; New York,0,0,0,36085022802
1400000US36085023100,Census Tract 231; Richmond County; New York,83750,Census Tract 231; Richmond County; New York,4819,2484,2335,Census Tract 231; Richmond County; New York,4819,1079,1511,Census Tract 231; Richmond County; New York,4819,2735,2084,36085023100
1400000US36085023900,Census Tract 239; Richmond County; New York,83864,Census Tract 239; Richmond County; New York,3165,1511,1654,Census Tract 239; Richmond County; New York,3165,1337,653,Census Tract 239; Richmond County; New York,3165,2022,1143,36085023900
1400000US36085024401,Census Tract 244.01; Richmond County; New York,144702,Census Tract 244.01; Richmond County; New York,5678,3292,2386,Census Tract 244.01; Richmond County; New York,5678,5196,0,Census Tract 244.01; Richmond County; New York,5678,5426,252,36085024401
1400000US36085024402,Census Tract 244.02; Richmond County; New York,117981,Census Tract 244.02; Richmond County; New York,4909,2362,2547,Census Tract 244.02; Richmond County; New York,4909,4406,3,Census Tract 244.02; Richmond County; New York,4909,4632,277,36085024402
1400000US36085024700,Census Tract 247; Richmond County; New York,82853,Census Tract 247; Richmond County; New York,2943,1584,1359,Census Tract 247; Richmond County; New York,2943,1094,740,Census Tract 247; Richmond County; New York,2943,2154,789,36085024700
1400000US36085024800,Census Tract 248; Richmond County; New York,148914,Census Tract 248; Richmond County; New York,4801,2488,2313,Census Tract 248; Richmond County; New York,4801,3630,4,Census Tract 248; Richmond County; New York,4801,3681,1120,36085024800
1400000US36085025100,Census Tract 251; Richmond County; New York,120592,Census Tract 251; Richmond County; New York,6519,3536,2983,Census Tract 251; Richmond County; New York,6519,4638,85,Census Tract 251; Richmond County; New York,6519,5271,1248,36085025100
1400000US36085027301,Census Tract 273.01; Richmond County; New York,113711,Census Tract 273.01; Richmond County; New York,4464,2157,2307,Census Tract 273.01; Richmond County; New York,4464,2849,224,Census Tract 273.01; Richmond County; New York,4464,3670,794,36085027301
1400000US36085027302,Census Tract 273.02; Richmond County; New York,100676,Census Tract 273.02; Richmond County; New York,4419,2008,2411,Census Tract 273.02; Richmond County; New York,4419,3047,144,Census Tract 273.02; Richmond County; New York,4419,4265,154,36085027302
1400000US36085027702,Census Tract 277.02; Richmond County; New York,74318,Census Tract 277.02; Richmond County; New York,6245,2823,3422,Census Tract 277.02; Richmond County; New York,6245,4231,24,Census Tract 277.02; Richmond County; New York,6245,5316,929,36085027702
1400000US36085027704,Census Tract 277.04; Richmond County; New York,98583,Census Tract 277.04; Richmond County; New York,5044,2338,2706,Census Tract 277.04; Richmond County; New York,5044,3446,138,Census Tract 277.04; Richmond County; New York,5044,4456,588,36085027704
1400000US36085027705,Census Tract 277.05; Richmond County; New York,96684,Census Tract 277.05; Richmond County; New York,6094,3029,3065,Census Tract 277.05; Richmond County; New York,6094,3379,103,Census Tract 277.05; Richmond County; New York,6094,5301,793,36085027705
1400000US36085027706,Census Tract 277.06; Richmond County; New York,66349,Census Tract 277.06; Richmond County; New York,3260,1552,1708,Census Tract 277.06; Richmond County; New York,3260,2172,18,Census Tract 277.06; Richmond County; New York,3260,2754,506,36085027706
1400000US36085027900,Census Tract 279; Richmond County; New York,163780,Census Tract 279; Richmond County; New York,2106,976,1130,Census Tract 279; Richmond County; New York,2106,1715,33,Census Tract 279; Richmond County; New York,2106,1927,179,36085027900
1400000US36085029102,Census Tract 291.02; Richmond County; New York,120038,Census Tract 291.02; Richmond County; New York,3507,1892,1615,Census Tract 291.02; Richmond County; New York,3507,2040,2,Census Tract 291.02; Richmond County; New York,3507,2529,978,36085029102
1400000US36085029104,Census Tract 291.04; Richmond County; New York,109896,Census Tract 291.04; Richmond County; New York,6799,3081,3718,Census Tract 291.04; Richmond County; New York,6799,4236,375,Census Tract 291.04; Richmond County; New York,6799,5713,1086,36085029104
1400000US36085029105,Census Tract 291.05; Richmond County; New York,113185,Census Tract 291.05; Richmond County; New York,3981,1932,2049,Census Tract 291.05; Richmond County; New York,3981,2842,185,Census Tract 291.05; Richmond County; New York,3981,3466,515,36085029105
1400000US36085029106,Census Tract 291.06; Richmond County; New York,114000,Census Tract 291.06; Richmond County; New York,3064,1551,1513,Census Tract 291.06; Richmond County; New York,3064,2376,344,Census Tract 291.06; Richmond County; New York,3064,2453,611,36085029106
1400000US36085030301,Census Tract 303.01; Richmond County; New York,109225,Census Tract 303.01; Richmond County; New York,5749,2949,2800,Census Tract 303.01; Richmond County; New York,5749,3211,98,Census Tract 303.01; Richmond County; New York,5749,4061,1688,36085030301
1400000US36085030302,Census Tract 303.02; Richmond County; New York,91607,Census Tract 303.02; Richmond County; New York,6502,2799,3703,Census Tract 303.02; Richmond County; New York,6502,2612,1601,Census Tract 303.02; Richmond County; New York,6502,4228,2274,36085030302
1400000US36085031901,Census Tract 319.01; Richmond County; New York,49161,Census Tract 319.01; Richmond County; New York,3888,1721,2167,Census Tract 319.01; Richmond County; New York,3888,895,1693,Census Tract 319.01; Richmond County; New York,3888,2076,1812,36085031901
1400000US36085031902,Census Tract 319.02; Richmond County; New York,65921,Census Tract 319.02; Richmond County; New York,4502,2260,2242,Census Tract 319.02; Richmond County; New York,4502,725,2592,Census Tract 319.02; Richmond County; New York,4502,2976,1526,36085031902
1400000US36085032300,Census Tract 323; Richmond County; New York,81691,Census Tract 323; Richmond County; New York,1078,548,530,Census Tract 323; Richmond County; New York,1078,225,261,Census Tract 323; Richmond County; New York,1078,631,447,36085032300
1400000US36085990100,Census Tract 9901; Richmond County; New York,-,Census Tract 9901; Richmond County; New York,0,0,0,Census Tract 9901; Richmond County; New York,0,0,0,Census Tract 9901; Richmond County; New York,0,0,0,36085990100
